degree value,Train_Accuracy,Train_Precision_micro,Train_Recall_micro,Train_f1_micro,Train_Precision_macro,Train_Recall_macro,Train_f1_macro,Train_Precision_weighted,Train_Recall_weighted,Train_f1_weighted,Train_Confusion_Matrix,Test_Accuracy,Test_Precision_micro,Test_Recall_micro,Test_f1_micro,Test_Precision_macro,Test_Recall_macro,Test_f1_macro,Test_Precision_weighted,Test_Recall_weighted,Test_f1_weighted,Test_Confusion_Matrix
1,"[0.8970588235294118, 0.9044117647058824, 0.9093137254901961, 0.8970588235294118, 0.9119804400977995, 0.8899755501222494, 0.9046454767726161, 0.8948655256723717, 0.9070904645476773, 0.902200488997555]","[0.8970588235294118, 0.9044117647058824, 0.9093137254901961, 0.8970588235294118, 0.9119804400977995, 0.8899755501222494, 0.9046454767726161, 0.8948655256723717, 0.9070904645476773, 0.902200488997555]","[0.8970588235294118, 0.9044117647058824, 0.9093137254901961, 0.8970588235294118, 0.9119804400977995, 0.8899755501222494, 0.9046454767726161, 0.8948655256723717, 0.9070904645476773, 0.902200488997555]","[0.8970588235294118, 0.9044117647058824, 0.9093137254901961, 0.8970588235294118, 0.9119804400977995, 0.8899755501222494, 0.9046454767726161, 0.8948655256723717, 0.9070904645476773, 0.902200488997555]","[0.896684674596778, 0.901919169129314, 0.9086419648072335, 0.8972673304150433, 0.9132071718520316, 0.891203985536655, 0.9058787050039585, 0.895236530959102, 0.9058616628469569, 0.903720238095238]","[0.8934777697763661, 0.902980240897298, 0.9088281703460828, 0.8952256006966739, 0.9095240523249756, 0.8855922532551763, 0.9005746390256905, 0.8910816712768928, 0.9023660295565618, 0.8965464984957227]","[0.8946474106568894, 0.9020713834992309, 0.9086383647470635, 0.8958875269185809, 0.9107331664503148, 0.8875729447270906, 0.9025115744138185, 0.8928520557451285, 0.9038073400340967, 0.8995500144557392]","[0.8972756378688372, 0.9049277460065327, 0.9096332036191157, 0.8975810137540645, 0.9126241045373645, 0.8905426787409029, 0.9051969105803471, 0.8948166738182366, 0.9070657780782906, 0.902469728722785]","[0.8970588235294118, 0.9044117647058824, 0.9093137254901961, 0.8970588235294118, 0.9119804400977995, 0.8899755501222494, 0.9046454767726161, 0.8948655256723717, 0.9070904645476773, 0.902200488997555]","[0.89678414660814, 0.9043067282221036, 0.9093892919794164, 0.8969998903609246, 0.9117497535071694, 0.889531932265732, 0.9042788615801737, 0.8945565601861246, 0.9068034888473732, 0.9017769352872413]","[array([[ 94,   6,   0,   0],
       [ 11,  72,   0,   2],
       [  0,   0,  78,  11],
       [  0,   1,  11, 122]]), array([[ 94,   6,   0,   0],
       [ 11,  73,   0,   1],
       [  0,   0,  81,   8],
       [  0,   2,  11, 121]]), array([[ 95,   6,   0,   0],
       [  6,  75,   0,   3],
       [  0,   0,  80,   9],
       [  0,   1,  12, 121]]), array([[ 96,   5,   0,   0],
       [ 10,  74,   0,   0],
       [  0,   0,  76,  13],
       [  0,   0,  14, 120]]), array([[ 98,   3,   0,   0],
       [  9,  73,   0,   2],
       [  0,   0,  79,  10],
       [  0,   1,  11, 123]]), array([[ 96,   5,   0,   0],
       [ 12,  70,   0,   2],
       [  0,   0,  77,  13],
       [  0,   1,  12, 121]]), array([[ 97,   4,   0,   0],
       [ 11,  73,   0,   1],
       [  0,   0,  77,  12],
       [  0,   1,  10, 123]]), array([[ 95,   6,   0,   0],
       [ 10,  74,   0,   1],
       [  0,   0,  75,  14],
       [  0,   1,  11, 122]]), array([[ 94,   7,   0,   0],
       [ 11,  72,   0,   2],
       [  0,   0,  80,   9],
       [  0,   1,   8, 125]]), array([[ 95,   6,   0,   0],
       [ 10,  73,   0,   2],
       [  0,   0,  76,  13],
       [  0,   1,   8, 125]])]","[0.8043478260869565, 0.8478260869565217, 0.782608695652174, 0.8695652173913043, 0.7777777777777778, 0.9111111111111111, 0.8, 0.8222222222222222, 0.7555555555555555, 0.8666666666666667]","[0.8043478260869565, 0.8478260869565217, 0.782608695652174, 0.8695652173913043, 0.7777777777777778, 0.9111111111111111, 0.8, 0.8222222222222222, 0.7555555555555555, 0.8666666666666667]","[0.8043478260869565, 0.8478260869565217, 0.782608695652174, 0.8695652173913043, 0.7777777777777778, 0.9111111111111111, 0.8, 0.8222222222222222, 0.7555555555555555, 0.8666666666666667]","[0.8043478260869565, 0.8478260869565218, 0.782608695652174, 0.8695652173913043, 0.7777777777777778, 0.9111111111111111, 0.8000000000000002, 0.8222222222222222, 0.7555555555555555, 0.8666666666666667]","[0.8269230769230769, 0.8474358974358975, 0.8253472222222222, 0.8628787878787878, 0.7823863636363637, 0.9085317460317461, 0.7992933537051184, 0.8246527777777778, 0.7888528138528138, 0.8822916666666667]","[0.811111111111111, 0.8472222222222221, 0.778030303030303, 0.8628787878787878, 0.7711038961038962, 0.9138888888888889, 0.7851010101010101, 0.8133838383838384, 0.7472222222222222, 0.861111111111111]","[0.8112344720496896, 0.8464327485380118, 0.7766743233796065, 0.8628787878787878, 0.7736353684629547, 0.9104905880393137, 0.7879464285714286, 0.8171616029596307, 0.7464317291903497, 0.8675578541374476]","[0.8210702341137123, 0.8446674098848012, 0.8277475845410628, 0.8695652173913043, 0.7827272727272728, 0.9113756613756613, 0.7995772854596384, 0.8223765432098765, 0.7825781625781626, 0.8726851851851851]","[0.8043478260869565, 0.8478260869565217, 0.782608695652174, 0.8695652173913043, 0.7777777777777778, 0.9111111111111111, 0.8, 0.8222222222222222, 0.7555555555555555, 0.8666666666666667]","[0.8057784229003511, 0.8454004576659039, 0.7818783407657002, 0.8695652173913043, 0.7774007176306027, 0.9104447776111945, 0.7958333333333333, 0.8205788513579689, 0.7507164610612886, 0.8661640953716693]","[array([[12,  0,  0,  0],
       [ 1,  7,  0,  1],
       [ 0,  0,  8,  2],
       [ 0,  0,  5, 10]]), array([[12,  0,  0,  0],
       [ 1,  8,  0,  0],
       [ 0,  0,  7,  3],
       [ 0,  1,  2, 12]]), array([[ 6,  5,  0,  0],
       [ 0,  9,  0,  1],
       [ 0,  0,  8,  2],
       [ 0,  1,  1, 13]]), array([[ 9,  2,  0,  0],
       [ 2,  7,  0,  1],
       [ 0,  0, 10,  0],
       [ 0,  1,  0, 14]]), array([[ 8,  3,  0,  0],
       [ 2,  8,  0,  0],
       [ 0,  0,  7,  3],
       [ 1,  0,  1, 12]]), array([[11,  0,  0,  0],
       [ 1,  9,  0,  0],
       [ 0,  0,  8,  1],
       [ 0,  1,  1, 13]]), array([[ 9,  2,  0,  0],
       [ 1,  5,  0,  3],
       [ 0,  0,  9,  1],
       [ 0,  0,  2, 13]]), array([[10,  1,  0,  0],
       [ 2,  7,  0,  0],
       [ 0,  0,  7,  3],
       [ 0,  0,  2, 13]]), array([[11,  0,  0,  0],
       [ 4,  5,  0,  0],
       [ 0,  0,  7,  3],
       [ 0,  0,  4, 11]]), array([[11,  0,  0,  0],
       [ 1,  7,  0,  1],
       [ 0,  0,  8,  2],
       [ 0,  0,  2, 13]])]"
2,"[0.9313725490196079, 0.9313725490196079, 0.9215686274509803, 0.9313725490196079, 0.9315403422982885, 0.9242053789731052, 0.9290953545232273, 0.9144254278728606, 0.9315403422982885, 0.9315403422982885]","[0.9313725490196079, 0.9313725490196079, 0.9215686274509803, 0.9313725490196079, 0.9315403422982885, 0.9242053789731052, 0.9290953545232273, 0.9144254278728606, 0.9315403422982885, 0.9315403422982885]","[0.9313725490196079, 0.9313725490196079, 0.9215686274509803, 0.9313725490196079, 0.9315403422982885, 0.9242053789731052, 0.9290953545232273, 0.9144254278728606, 0.9315403422982885, 0.9315403422982885]","[0.9313725490196079, 0.9313725490196079, 0.9215686274509803, 0.9313725490196079, 0.9315403422982885, 0.9242053789731052, 0.9290953545232273, 0.9144254278728606, 0.9315403422982885, 0.9315403422982885]","[0.9384220806310919, 0.9392997916195929, 0.9285771382893684, 0.9379373660320262, 0.9393755669617738, 0.9329606617018736, 0.9342138801992816, 0.9273130104309857, 0.9396599040494389, 0.9404922103408226]","[0.9287643162245613, 0.9283231397539731, 0.9188747373695229, 0.9293352392005928, 0.9270437383492228, 0.9211156030315185, 0.9275824778914742, 0.9098431347805742, 0.9274293275822141, 0.9262844569272111]","[0.9328329405445253, 0.9328486722764285, 0.9226112071168414, 0.9330435251950696, 0.9319570319366526, 0.9261178108274456, 0.9301915580972928, 0.9170983879402608, 0.9324444223252466, 0.9319856708154025]","[0.9332152229800025, 0.933551300814569, 0.9238170248115233, 0.9328878782316105, 0.9337574883313017, 0.9264063379173437, 0.9306218925978711, 0.9185748728327597, 0.9337580384589539, 0.9339069345744225]","[0.9313725490196079, 0.9313725490196079, 0.9215686274509803, 0.9313725490196079, 0.9315403422982885, 0.9242053789731052, 0.9290953545232273, 0.9144254278728606, 0.9315403422982885, 0.9315403422982885]","[0.9315852396324895, 0.9315636119199815, 0.9217221618555742, 0.9315841648478088, 0.9315081953016893, 0.9244256083663956, 0.9292433201405285, 0.9149582271789399, 0.9316078206377412, 0.9313575493692401]","[array([[ 97,   0,   0,   3],
       [  5,  77,   0,   3],
       [  0,   0,  80,   9],
       [  0,   0,   8, 126]]), array([[ 98,   0,   0,   2],
       [  4,  76,   0,   5],
       [  0,   0,  80,   9],
       [  0,   0,   8, 126]]), array([[ 98,   0,   0,   3],
       [  7,  74,   0,   3],
       [  0,   0,  80,   9],
       [  0,   0,  10, 124]]), array([[ 99,   0,   0,   2],
       [  4,  77,   0,   3],
       [  0,   0,  79,  10],
       [  0,   0,   9, 125]]), array([[ 99,   0,   0,   2],
       [  6,  74,   0,   4],
       [  0,   0,  80,   9],
       [  0,   0,   7, 128]]), array([[ 99,   0,   0,   2],
       [  4,  76,   0,   4],
       [  0,   0,  78,  12],
       [  0,   0,   9, 125]]), array([[ 99,   0,   0,   2],
       [  6,  77,   0,   2],
       [  0,   0,  80,   9],
       [  0,   0,  10, 124]]), array([[ 96,   0,   0,   5],
       [  4,  77,   0,   4],
       [  0,   0,  75,  14],
       [  0,   0,   8, 126]]), array([[ 99,   0,   0,   2],
       [  5,  76,   0,   4],
       [  0,   0,  79,  10],
       [  0,   0,   7, 127]]), array([[100,   0,   0,   1],
       [  5,  77,   0,   3],
       [  0,   0,  76,  13],
       [  0,   0,   6, 128]])]","[0.6739130434782609, 0.8260869565217391, 0.7391304347826086, 0.8695652173913043, 0.7333333333333333, 0.8666666666666667, 0.7333333333333333, 0.7333333333333333, 0.7111111111111111, 0.7333333333333333]","[0.6739130434782609, 0.8260869565217391, 0.7391304347826086, 0.8695652173913043, 0.7333333333333333, 0.8666666666666667, 0.7333333333333333, 0.7333333333333333, 0.7111111111111111, 0.7333333333333333]","[0.6739130434782609, 0.8260869565217391, 0.7391304347826086, 0.8695652173913043, 0.7333333333333333, 0.8666666666666667, 0.7333333333333333, 0.7333333333333333, 0.7111111111111111, 0.7333333333333333]","[0.6739130434782609, 0.8260869565217391, 0.7391304347826085, 0.8695652173913043, 0.7333333333333333, 0.8666666666666667, 0.7333333333333333, 0.7333333333333333, 0.7111111111111111, 0.7333333333333333]","[0.7411616161616161, 0.8471593765711413, 0.7512726244343891, 0.9023109243697478, 0.734469696969697, 0.9057017543859649, 0.7234126984126985, 0.8084239130434783, 0.7375992063492064, 0.7666666666666666]","[0.6638888888888889, 0.8152777777777778, 0.7234848484848485, 0.8583333333333334, 0.7282467532467533, 0.8411616161616162, 0.7073232323232324, 0.7113636363636363, 0.7073232323232324, 0.7285353535353536]","[0.6838415207980425, 0.8260855263157894, 0.7309027777777777, 0.8668545751633987, 0.728616211374832, 0.8533930734765303, 0.7112554112554111, 0.7365497076023392, 0.7152600170502984, 0.7422348484848484]","[0.7226613965744401, 0.8348306992808271, 0.7497786740114106, 0.8912130069419072, 0.7342087542087542, 0.889083820662768, 0.7305820105820107, 0.7806763285024154, 0.7207671957671958, 0.7488888888888889]","[0.6739130434782609, 0.8260869565217391, 0.7391304347826086, 0.8695652173913043, 0.7333333333333333, 0.8666666666666667, 0.7333333333333333, 0.7333333333333333, 0.7111111111111111, 0.7333333333333333]","[0.6828001865809048, 0.8258895881006865, 0.7383756038647343, 0.8680257175333901, 0.7312534209085932, 0.8600614921788701, 0.7277056277056276, 0.7328395061728394, 0.7089514066496163, 0.7359427609427609]","[array([[10,  0,  0,  2],
       [ 1,  5,  1,  2],
       [ 0,  0,  6,  4],
       [ 0,  0,  5, 10]]), array([[11,  0,  0,  1],
       [ 1,  7,  0,  1],
       [ 1,  0,  7,  2],
       [ 0,  0,  2, 13]]), array([[ 8,  2,  0,  1],
       [ 3,  6,  1,  0],
       [ 0,  0,  7,  3],
       [ 2,  0,  0, 13]]), array([[11,  0,  0,  0],
       [ 1,  8,  0,  1],
       [ 1,  0,  7,  2],
       [ 1,  0,  0, 14]]), array([[ 8,  2,  0,  1],
       [ 2,  8,  0,  0],
       [ 0,  1,  6,  3],
       [ 1,  0,  2, 11]]), array([[10,  0,  0,  1],
       [ 0,  9,  0,  1],
       [ 2,  0,  5,  2],
       [ 0,  0,  0, 15]]), array([[ 9,  1,  1,  0],
       [ 1,  4,  0,  4],
       [ 0,  2,  7,  1],
       [ 0,  0,  2, 13]]), array([[ 6,  0,  0,  5],
       [ 2,  6,  0,  1],
       [ 0,  0,  7,  3],
       [ 0,  0,  1, 14]]), array([[ 9,  0,  0,  2],
       [ 1,  7,  0,  1],
       [ 1,  0,  5,  4],
       [ 1,  1,  2, 11]]), array([[ 7,  0,  0,  4],
       [ 1,  7,  0,  1],
       [ 2,  0,  7,  1],
       [ 0,  0,  3, 12]])]"
3,"[0.9019607843137255, 0.9093137254901961, 0.9044117647058824, 0.8921568627450981, 0.902200488997555, 0.9046454767726161, 0.9144254278728606, 0.9119804400977995, 0.9168704156479217, 0.9095354523227384]","[0.9019607843137255, 0.9093137254901961, 0.9044117647058824, 0.8921568627450981, 0.902200488997555, 0.9046454767726161, 0.9144254278728606, 0.9119804400977995, 0.9168704156479217, 0.9095354523227384]","[0.9019607843137255, 0.9093137254901961, 0.9044117647058824, 0.8921568627450981, 0.902200488997555, 0.9046454767726161, 0.9144254278728606, 0.9119804400977995, 0.9168704156479217, 0.9095354523227384]","[0.9019607843137255, 0.9093137254901961, 0.9044117647058824, 0.8921568627450981, 0.902200488997555, 0.9046454767726161, 0.9144254278728606, 0.9119804400977995, 0.9168704156479217, 0.9095354523227384]","[0.9248056842600053, 0.9352952453987731, 0.9272566646521623, 0.9191303276669132, 0.9240171237413884, 0.927165404040404, 0.9347098079738224, 0.935493366404623, 0.9382542405183913, 0.9331730145064197]","[0.8907380809107142, 0.899693798029022, 0.8934426181711629, 0.881008473951777, 0.8916322256891286, 0.8956470886960765, 0.9065357952373942, 0.9019095380550475, 0.9075275155831373, 0.8986346203451667]","[0.9025244239168886, 0.9122746741794361, 0.9053127225786801, 0.8942850060258511, 0.9032320489018251, 0.9070890071294385, 0.9170234253778388, 0.9138894607489548, 0.9188417930264988, 0.9106436327586332]","[0.9122838933787321, 0.9213274138898914, 0.9145186107951102, 0.904788861836925, 0.9114647106116617, 0.9143618334938628, 0.9227742326542824, 0.9225525373395438, 0.9260903168325783, 0.920271715929205]","[0.9019607843137255, 0.9093137254901961, 0.9044117647058824, 0.8921568627450981, 0.902200488997555, 0.9046454767726161, 0.9144254278728606, 0.9119804400977995, 0.9168704156479217, 0.9095354523227384]","[0.9018190121604646, 0.9098414337676709, 0.9043510186746821, 0.8924939352524106, 0.9021679517411222, 0.9049956719656665, 0.9148114869400016, 0.9122724619847871, 0.9172551488685327, 0.9095292137301287]","[array([[ 94,   0,   0,   6],
       [  8,  73,   0,   4],
       [  0,   0,  70,  19],
       [  0,   0,   3, 131]]), array([[ 94,   0,   0,   6],
       [  2,  77,   0,   6],
       [  0,   0,  69,  20],
       [  0,   0,   3, 131]]), array([[ 95,   0,   0,   6],
       [  7,  73,   0,   4],
       [  0,   0,  70,  19],
       [  0,   0,   3, 131]]), array([[ 93,   0,   0,   8],
       [  6,  73,   0,   5],
       [  0,   0,  68,  21],
       [  0,   0,   4, 130]]), array([[ 95,   0,   0,   6],
       [  7,  73,   0,   4],
       [  0,   0,  70,  19],
       [  0,   0,   4, 131]]), array([[ 94,   0,   0,   7],
       [  5,  75,   0,   4],
       [  0,   0,  71,  19],
       [  0,   0,   4, 130]]), array([[ 95,   0,   0,   6],
       [  3,  78,   0,   4],
       [  0,   0,  71,  18],
       [  0,   0,   4, 130]]), array([[ 94,   0,   0,   7],
       [  5,  76,   0,   4],
       [  0,   0,  71,  18],
       [  0,   0,   2, 132]]), array([[ 94,   0,   0,   7],
       [  5,  76,   0,   4],
       [  0,   0,  73,  16],
       [  0,   0,   2, 132]]), array([[ 95,   0,   0,   6],
       [  6,  75,   0,   4],
       [  0,   0,  70,  19],
       [  0,   0,   2, 132]])]","[0.7608695652173914, 0.8478260869565217, 0.7608695652173914, 0.782608695652174, 0.7333333333333333, 0.7777777777777778, 0.8222222222222222, 0.6888888888888889, 0.8, 0.7777777777777778]","[0.7608695652173914, 0.8478260869565217, 0.7608695652173914, 0.782608695652174, 0.7333333333333333, 0.7777777777777778, 0.8222222222222222, 0.6888888888888889, 0.8, 0.7777777777777778]","[0.7608695652173914, 0.8478260869565217, 0.7608695652173914, 0.782608695652174, 0.7333333333333333, 0.7777777777777778, 0.8222222222222222, 0.6888888888888889, 0.8, 0.7777777777777778]","[0.7608695652173914, 0.8478260869565218, 0.7608695652173914, 0.782608695652174, 0.7333333333333333, 0.7777777777777778, 0.8222222222222222, 0.6888888888888889, 0.8000000000000002, 0.7777777777777778]","[0.8083333333333333, 0.9035714285714286, 0.7891483516483516, 0.8583333333333334, 0.7318181818181818, 0.8396464646464646, 0.8337301587301587, 0.8151709401709402, 0.844871794871795, 0.79375]","[0.7319444444444444, 0.8319444444444444, 0.7295454545454546, 0.7583333333333333, 0.7211038961038961, 0.7540404040404041, 0.8045454545454547, 0.6512626262626262, 0.7749999999999999, 0.7702020202020202]","[0.7387300808353439, 0.8538510101010102, 0.7363445378151261, 0.7657051282051281, 0.7234848484848484, 0.7769084874348033, 0.8139069264069265, 0.680827861163227, 0.7854166666666667, 0.7778520499108734]","[0.7915458937198068, 0.8807453416149069, 0.7827878643096035, 0.8384057971014492, 0.7333333333333333, 0.8207631874298541, 0.8284656084656083, 0.7819563152896488, 0.8253561253561253, 0.7836419753086421]","[0.7608695652173914, 0.8478260869565217, 0.7608695652173914, 0.782608695652174, 0.7333333333333333, 0.7777777777777778, 0.8222222222222222, 0.6888888888888889, 0.8, 0.7777777777777778]","[0.7500617866750589, 0.8496102327624067, 0.7497716477895505, 0.7711817168338907, 0.7303703703703702, 0.7785680417259365, 0.8201298701298702, 0.6851636439441317, 0.7896296296296296, 0.7762210338680928]","[array([[11,  0,  0,  1],
       [ 4,  4,  0,  1],
       [ 0,  0,  7,  3],
       [ 0,  0,  2, 13]]), array([[ 9,  0,  0,  3],
       [ 1,  7,  0,  1],
       [ 0,  0,  8,  2],
       [ 0,  0,  0, 15]]), array([[ 9,  2,  0,  0],
       [ 4,  5,  0,  1],
       [ 0,  0,  6,  4],
       [ 0,  0,  0, 15]]), array([[11,  0,  0,  0],
       [ 3,  5,  0,  2],
       [ 0,  0,  6,  4],
       [ 1,  0,  0, 14]]), array([[ 8,  3,  0,  0],
       [ 3,  7,  0,  0],
       [ 0,  0,  6,  4],
       [ 0,  0,  2, 12]]), array([[ 8,  1,  0,  2],
       [ 0,  8,  0,  2],
       [ 0,  0,  5,  4],
       [ 0,  0,  1, 14]]), array([[ 9,  1,  1,  0],
       [ 1,  6,  0,  2],
       [ 0,  0,  8,  2],
       [ 0,  0,  1, 14]]), array([[ 8,  0,  0,  3],
       [ 1,  4,  0,  4],
       [ 0,  0,  5,  5],
       [ 0,  0,  1, 14]]), array([[11,  0,  0,  0],
       [ 2,  6,  0,  1],
       [ 0,  0,  5,  5],
       [ 0,  0,  1, 14]]), array([[ 7,  1,  0,  3],
       [ 2,  7,  0,  0],
       [ 0,  0,  8,  2],
       [ 0,  0,  2, 13]])]"
4,"[0.7598039215686274, 0.7549019607843137, 0.75, 0.7377450980392157, 0.7457212713936431, 0.7603911980440098, 0.80440097799511, 0.7652811735941321, 0.7506112469437652, 0.7603911980440098]","[0.7598039215686274, 0.7549019607843137, 0.75, 0.7377450980392157, 0.7457212713936431, 0.7603911980440098, 0.80440097799511, 0.7652811735941321, 0.7506112469437652, 0.7603911980440098]","[0.7598039215686274, 0.7549019607843137, 0.75, 0.7377450980392157, 0.7457212713936431, 0.7603911980440098, 0.80440097799511, 0.7652811735941321, 0.7506112469437652, 0.7603911980440098]","[0.7598039215686274, 0.7549019607843137, 0.75, 0.7377450980392157, 0.745721271393643, 0.7603911980440098, 0.80440097799511, 0.7652811735941322, 0.7506112469437652, 0.7603911980440098]","[0.8943965517241379, 0.8931623931623931, 0.8919491525423728, 0.8852729885057471, 0.8877744646245596, 0.8943965517241379, 0.9065420560747663, 0.8956521739130434, 0.8919491525423728, 0.8943965517241379]","[0.7316556510244547, 0.7275380039656312, 0.7234874370262067, 0.7101099756845668, 0.7163659684588042, 0.7340110796793965, 0.781515970499892, 0.7398467407877602, 0.7227977986166099, 0.7334290930745421]","[0.7690496559302792, 0.7647169569273676, 0.7604091327242736, 0.7465791164868529, 0.754734627300155, 0.7707932095227177, 0.813927887183951, 0.7760154366089047, 0.7607805443241372, 0.7701369566644433]","[0.8612660581473969, 0.859644712585889, 0.8580508474576272, 0.8506747239125535, 0.8531701662445876, 0.8616052609392125, 0.8775221077165641, 0.8632507707026682, 0.8583979114002735, 0.8616052609392125]","[0.7598039215686274, 0.7549019607843137, 0.75, 0.7377450980392157, 0.7457212713936431, 0.7603911980440098, 0.80440097799511, 0.7652811735941321, 0.7506112469437652, 0.7603911980440098]","[0.7652812007116728, 0.7600989805279686, 0.7548617136710033, 0.7413364257165966, 0.7506305012466329, 0.7659814646587663, 0.8095986065259483, 0.7708322983039987, 0.7563570540933541, 0.7657868503142604]","[array([[ 66,   0,   0,  34],
       [  0,  58,   0,  27],
       [  0,   0,  52,  37],
       [  0,   0,   0, 134]]), array([[ 62,   0,   0,  38],
       [  0,  60,   0,  25],
       [  0,   0,  52,  37],
       [  0,   0,   0, 134]]), array([[ 59,   0,   0,  42],
       [  0,  60,   0,  24],
       [  0,   0,  53,  36],
       [  0,   0,   0, 134]]), array([[ 57,   0,   0,  44],
       [  1,  60,   0,  23],
       [  0,   0,  50,  39],
       [  0,   0,   0, 134]]), array([[ 61,   0,   0,  40],
       [  1,  55,   0,  28],
       [  0,   0,  54,  35],
       [  0,   0,   0, 135]]), array([[ 64,   0,   0,  37],
       [  0,  59,   0,  25],
       [  0,   0,  54,  36],
       [  0,   0,   0, 134]]), array([[ 74,   0,   0,  27],
       [  0,  64,   0,  21],
       [  0,   0,  57,  32],
       [  0,   0,   0, 134]]), array([[ 63,   0,   0,  38],
       [  0,  61,   0,  24],
       [  0,   0,  55,  34],
       [  0,   0,   0, 134]]), array([[ 62,   0,   0,  39],
       [  0,  57,   0,  28],
       [  0,   0,  54,  35],
       [  0,   0,   0, 134]]), array([[ 65,   0,   0,  36],
       [  0,  60,   0,  25],
       [  0,   0,  52,  37],
       [  0,   0,   0, 134]])]","[0.5869565217391305, 0.6086956521739131, 0.5869565217391305, 0.6304347826086957, 0.6444444444444445, 0.6444444444444445, 0.5555555555555556, 0.5111111111111111, 0.5333333333333333, 0.5777777777777777]","[0.5869565217391305, 0.6086956521739131, 0.5869565217391305, 0.6304347826086957, 0.6444444444444445, 0.6444444444444445, 0.5555555555555556, 0.5111111111111111, 0.5333333333333333, 0.5777777777777777]","[0.5869565217391305, 0.6086956521739131, 0.5869565217391305, 0.6304347826086957, 0.6444444444444445, 0.6444444444444445, 0.5555555555555556, 0.5111111111111111, 0.5333333333333333, 0.5777777777777777]","[0.5869565217391305, 0.6086956521739131, 0.5869565217391305, 0.6304347826086957, 0.6444444444444445, 0.6444444444444445, 0.5555555555555556, 0.5111111111111111, 0.5333333333333333, 0.5777777777777777]","[0.8046875, 0.8255208333333334, 0.7293010752688173, 0.8125, 0.7304487179487179, 0.8709677419354839, 0.8102941176470588, 0.7875, 0.6835317460317459, 0.6776785714285714]","[0.5388888888888889, 0.5652777777777778, 0.5386363636363636, 0.5863636363636363, 0.615909090909091, 0.6070707070707071, 0.4964646464646465, 0.45984848484848484, 0.4997474747474748, 0.5292929292929293]","[0.5421502256608639, 0.5951666536772919, 0.5529594446474242, 0.5953947368421052, 0.6229166666666667, 0.6362577639751552, 0.5106369820655534, 0.4792857142857143, 0.5255238947099412, 0.5390802587865011]","[0.7724184782608695, 0.7832880434782609, 0.7048854604955587, 0.7771739130434783, 0.7149287749287749, 0.8279569892473119, 0.769281045751634, 0.7444444444444445, 0.6453262786596119, 0.6524603174603174]","[0.5869565217391305, 0.6086956521739131, 0.5869565217391305, 0.6304347826086957, 0.6444444444444445, 0.6444444444444445, 0.5555555555555556, 0.5111111111111111, 0.5333333333333333, 0.5777777777777777]","[0.5546491744456591, 0.5976930870547892, 0.5645104922876523, 0.6039282990083905, 0.627037037037037, 0.6316770186335404, 0.5256977942692228, 0.48666666666666664, 0.5265837521651474, 0.5510209632608654]","[array([[ 4,  0,  0,  8],
       [ 0,  2,  2,  5],
       [ 0,  0,  6,  4],
       [ 0,  0,  0, 15]]), array([[ 5,  0,  0,  7],
       [ 1,  4,  0,  4],
       [ 0,  0,  4,  6],
       [ 0,  0,  0, 15]]), array([[ 5,  2,  0,  4],
       [ 1,  3,  0,  6],
       [ 0,  0,  4,  6],
       [ 0,  0,  0, 15]]), array([[ 6,  0,  0,  5],
       [ 2,  2,  0,  6],
       [ 0,  0,  6,  4],
       [ 0,  0,  0, 15]]), array([[ 4,  2,  0,  5],
       [ 1,  6,  1,  2],
       [ 0,  0,  5,  5],
       [ 0,  0,  0, 14]]), array([[ 3,  0,  0,  8],
       [ 0,  6,  0,  4],
       [ 0,  0,  5,  4],
       [ 0,  0,  0, 15]]), array([[ 4,  0,  1,  6],
       [ 0,  2,  0,  7],
       [ 0,  0,  4,  6],
       [ 0,  0,  0, 15]]), array([[ 3,  0,  0,  8],
       [ 0,  3,  0,  6],
       [ 0,  0,  3,  7],
       [ 0,  0,  1, 14]]), array([[ 5,  0,  0,  6],
       [ 1,  4,  0,  4],
       [ 1,  0,  3,  6],
       [ 2,  0,  1, 12]]), array([[ 3,  1,  0,  7],
       [ 2,  4,  0,  3],
       [ 3,  0,  4,  3],
       [ 0,  0,  0, 15]])]"
5,"[0.696078431372549, 0.7058823529411765, 0.6936274509803921, 0.6862745098039216, 0.687041564792176, 0.7114914425427873, 0.7310513447432763, 0.7041564792176039, 0.6992665036674817, 0.706601466992665]","[0.696078431372549, 0.7058823529411765, 0.6936274509803921, 0.6862745098039216, 0.687041564792176, 0.7114914425427873, 0.7310513447432763, 0.7041564792176039, 0.6992665036674817, 0.706601466992665]","[0.696078431372549, 0.7058823529411765, 0.6936274509803921, 0.6862745098039216, 0.687041564792176, 0.7114914425427873, 0.7310513447432763, 0.7041564792176039, 0.6992665036674817, 0.706601466992665]","[0.696078431372549, 0.7058823529411765, 0.6936274509803921, 0.6862745098039216, 0.687041564792176, 0.7114914425427873, 0.7310513447432764, 0.7041564792176039, 0.6992665036674817, 0.706601466992665]","[0.8758047400070746, 0.8778656126482214, 0.8793436293436293, 0.8778625954198473, 0.8783269961977186, 0.8790801705458866, 0.8872950819672132, 0.8813725490196078, 0.8803501945525292, 0.8818897637795275]","[0.6618010575016524, 0.6731692002643754, 0.6610483580460774, 0.6519539092753577, 0.651618843666068, 0.6798837026559799, 0.701459299928671, 0.6719647543075523, 0.6660824013663759, 0.6741756264192182]","[0.7000989949363214, 0.7116591825639423, 0.6993016349203728, 0.6893120363335001, 0.6916635705679609, 0.7184261845277637, 0.7396033617977049, 0.7104251463614124, 0.7052071852594577, 0.7135774383401026]","[0.8383566727009162, 0.8410640936216385, 0.8414906503141797, 0.8395449782966622, 0.8393559363001664, 0.8429484566773013, 0.8522986893262255, 0.8445371302555252, 0.8431973209783756, 0.8452149471536107]","[0.696078431372549, 0.7058823529411765, 0.6936274509803921, 0.6862745098039216, 0.687041564792176, 0.7114914425427873, 0.7310513447432763, 0.7041564792176039, 0.6992665036674817, 0.706601466992665]","[0.6976368490860758, 0.7084194085211104, 0.6951681134009599, 0.6863962220637141, 0.6887851224306051, 0.7148259511958037, 0.7354738470904392, 0.7068408512390999, 0.7020809886936522, 0.7101947850082013]","[array([[ 54,   0,   0,  46],
       [  1,  54,   0,  30],
       [  0,   0,  42,  47],
       [  0,   0,   0, 134]]), array([[ 54,   0,   0,  46],
       [  1,  55,   0,  29],
       [  0,   0,  45,  44],
       [  0,   0,   0, 134]]), array([[ 50,   0,   0,  51],
       [  0,  55,   0,  29],
       [  0,   0,  44,  45],
       [  0,   0,   0, 134]]), array([[ 52,   0,   0,  49],
       [  0,  55,   0,  29],
       [  0,   0,  39,  50],
       [  0,   0,   0, 134]]), array([[ 51,   0,   0,  50],
       [  0,  51,   0,  33],
       [  0,   0,  44,  45],
       [  0,   0,   0, 135]]), array([[ 56,   0,   0,  45],
       [  1,  54,   0,  29],
       [  0,   0,  47,  43],
       [  0,   0,   0, 134]]), array([[ 59,   0,   0,  42],
       [  0,  58,   0,  27],
       [  0,   0,  48,  41],
       [  0,   0,   0, 134]]), array([[ 54,   0,   0,  47],
       [  0,  56,   0,  29],
       [  0,   0,  44,  45],
       [  0,   0,   0, 134]]), array([[ 54,   0,   0,  47],
       [  0,  54,   0,  31],
       [  0,   0,  44,  45],
       [  0,   0,   0, 134]]), array([[ 55,   0,   0,  46],
       [  0,  54,   0,  31],
       [  0,   0,  46,  43],
       [  0,   0,   0, 134]])]","[0.5434782608695652, 0.5217391304347826, 0.5652173913043478, 0.5, 0.6, 0.5777777777777777, 0.5333333333333333, 0.5111111111111111, 0.4666666666666667, 0.5777777777777777]","[0.5434782608695652, 0.5217391304347826, 0.5652173913043478, 0.5, 0.6, 0.5777777777777777, 0.5333333333333333, 0.5111111111111111, 0.4666666666666667, 0.5777777777777777]","[0.5434782608695652, 0.5217391304347826, 0.5652173913043478, 0.5, 0.6, 0.5777777777777777, 0.5333333333333333, 0.5111111111111111, 0.4666666666666667, 0.5777777777777777]","[0.5434782608695652, 0.5217391304347826, 0.5652173913043478, 0.5, 0.6, 0.5777777777777777, 0.5333333333333333, 0.5111111111111111, 0.4666666666666667, 0.5777777777777777]","[0.807142857142857, 0.8041666666666666, 0.7977941176470589, 0.7541666666666667, 0.780952380952381, 0.7546875, 0.7946428571428571, 0.7875, 0.5984848484848484, 0.7]","[0.49166666666666664, 0.47777777777777775, 0.5136363636363637, 0.4431818181818182, 0.5613636363636363, 0.5292929292929293, 0.4714646464646465, 0.45984848484848484, 0.4159090909090909, 0.5292929292929293]","[0.5080316742081448, 0.4767291531997414, 0.5318386970172684, 0.4395267722473605, 0.5744755244755244, 0.5467539552645935, 0.48138528138528136, 0.4792857142857143, 0.4165252639517345, 0.5406162464985994]","[0.7614906832298137, 0.7706521739130435, 0.7634271099744245, 0.7141304347826087, 0.7547089947089947, 0.7173611111111111, 0.7539682539682541, 0.7444444444444445, 0.5683501683501683, 0.6711111111111111]","[0.5434782608695652, 0.5217391304347826, 0.5652173913043478, 0.5, 0.6, 0.5777777777777777, 0.5333333333333333, 0.5111111111111111, 0.4666666666666667, 0.5777777777777777]","[0.5165748573676963, 0.4784857086647368, 0.5426037471844924, 0.454287986097449, 0.5820253820253819, 0.5521391768200279, 0.49833573833573835, 0.48666666666666664, 0.42977626948215175, 0.5497665732959851]","[array([[ 4,  0,  0,  8],
       [ 1,  3,  0,  5],
       [ 0,  0,  3,  7],
       [ 0,  0,  0, 15]]), array([[ 2,  1,  0,  9],
       [ 0,  4,  0,  5],
       [ 0,  0,  3,  7],
       [ 0,  0,  0, 15]]), array([[ 5,  1,  0,  5],
       [ 0,  3,  0,  7],
       [ 0,  0,  3,  7],
       [ 0,  0,  0, 15]]), array([[ 3,  0,  0,  8],
       [ 2,  2,  0,  6],
       [ 0,  0,  3,  7],
       [ 0,  0,  0, 15]]), array([[ 6,  1,  0,  4],
       [ 1,  4,  0,  5],
       [ 0,  0,  3,  7],
       [ 0,  0,  0, 14]]), array([[ 3,  1,  0,  7],
       [ 1,  4,  0,  5],
       [ 0,  0,  4,  5],
       [ 0,  0,  0, 15]]), array([[ 4,  0,  1,  6],
       [ 0,  2,  0,  7],
       [ 0,  0,  3,  7],
       [ 0,  0,  0, 15]]), array([[ 3,  0,  0,  8],
       [ 0,  3,  0,  6],
       [ 0,  0,  3,  7],
       [ 0,  0,  1, 14]]), array([[ 4,  0,  0,  7],
       [ 2,  3,  0,  4],
       [ 0,  0,  1,  9],
       [ 0,  0,  2, 13]]), array([[ 3,  1,  0,  7],
       [ 2,  4,  0,  3],
       [ 1,  0,  4,  5],
       [ 0,  0,  0, 15]])]"
6,"[0.6421568627450981, 0.6519607843137255, 0.6323529411764706, 0.6397058823529411, 0.6356968215158925, 0.6479217603911981, 0.6797066014669927, 0.6503667481662592, 0.6454767726161369, 0.6503667481662592]","[0.6421568627450981, 0.6519607843137255, 0.6323529411764706, 0.6397058823529411, 0.6356968215158925, 0.6479217603911981, 0.6797066014669927, 0.6503667481662592, 0.6454767726161369, 0.6503667481662592]","[0.6421568627450981, 0.6519607843137255, 0.6323529411764706, 0.6397058823529411, 0.6356968215158925, 0.6479217603911981, 0.6797066014669927, 0.6503667481662592, 0.6454767726161369, 0.6503667481662592]","[0.6421568627450981, 0.6519607843137255, 0.6323529411764706, 0.6397058823529411, 0.6356968215158925, 0.6479217603911981, 0.6797066014669927, 0.6503667481662592, 0.6454767726161369, 0.6503667481662592]","[0.8696428571428572, 0.8713768115942029, 0.8679577464788732, 0.8692170818505338, 0.8688380281690141, 0.8705035971223022, 0.8764150943396226, 0.8709386281588447, 0.8700716845878136, 0.8709386281588447]","[0.6030502313284865, 0.6138003965631196, 0.5938253235435903, 0.6005835836392628, 0.5961333693561972, 0.6099972497249725, 0.6462110553421503, 0.613045028891521, 0.606828934711052, 0.6119116174671003]","[0.6393842904568516, 0.6509838963219029, 0.6280136519629136, 0.6360908972619397, 0.6318080473451342, 0.646610765918769, 0.6829774512585264, 0.649851522370911, 0.6440091678687507, 0.6491408343851032]","[0.8287464985994398, 0.8310244387610116, 0.8265327257663628, 0.828187146744819, 0.826827714452977, 0.8302932226346063, 0.8380403192323661, 0.830863336658046, 0.8297271954500443, 0.830863336658046]","[0.6421568627450981, 0.6519607843137255, 0.6323529411764706, 0.6397058823529411, 0.6356968215158925, 0.6479217603911981, 0.6797066014669927, 0.6503667481662592, 0.6454767726161369, 0.6503667481662592]","[0.6380708610402959, 0.6493239227847994, 0.6257389100312903, 0.6347820012976884, 0.6298655752505822, 0.6448924309053474, 0.6792416949019375, 0.6476623749662069, 0.6426987111487887, 0.647975632473916]","[array([[ 42,   0,   0,  58],
       [  0,  49,   0,  36],
       [  0,   0,  37,  52],
       [  0,   0,   0, 134]]), array([[ 44,   0,   0,  56],
       [  0,  50,   0,  35],
       [  0,   0,  38,  51],
       [  0,   0,   0, 134]]), array([[ 38,   0,   0,  63],
       [  0,  49,   0,  35],
       [  0,   0,  37,  52],
       [  0,   0,   0, 134]]), array([[ 43,   0,   0,  58],
       [  0,  49,   0,  35],
       [  0,   0,  35,  54],
       [  0,   0,   0, 134]]), array([[ 39,   0,   0,  62],
       [  0,  48,   0,  36],
       [  0,   0,  38,  51],
       [  0,   0,   0, 135]]), array([[ 45,   0,   0,  56],
       [  0,  49,   0,  35],
       [  0,   0,  37,  53],
       [  0,   0,   0, 134]]), array([[ 47,   0,   0,  54],
       [  0,  56,   0,  29],
       [  0,   0,  41,  48],
       [  0,   0,   0, 134]]), array([[ 43,   0,   0,  58],
       [  0,  50,   0,  35],
       [  0,   0,  39,  50],
       [  0,   0,   0, 134]]), array([[ 44,   0,   0,  57],
       [  0,  48,   0,  37],
       [  0,   0,  38,  51],
       [  0,   0,   0, 134]]), array([[ 46,   0,   0,  55],
       [  0,  49,   0,  36],
       [  0,   0,  37,  52],
       [  0,   0,   0, 134]])]","[0.4782608695652174, 0.5, 0.45652173913043476, 0.41304347826086957, 0.4666666666666667, 0.4888888888888889, 0.4888888888888889, 0.4888888888888889, 0.4222222222222222, 0.5555555555555556]","[0.4782608695652174, 0.5, 0.45652173913043476, 0.41304347826086957, 0.4666666666666667, 0.4888888888888889, 0.4888888888888889, 0.4888888888888889, 0.4222222222222222, 0.5555555555555556]","[0.4782608695652174, 0.5, 0.45652173913043476, 0.41304347826086957, 0.4666666666666667, 0.4888888888888889, 0.4888888888888889, 0.4888888888888889, 0.4222222222222222, 0.5555555555555556]","[0.4782608695652174, 0.5, 0.45652173913043476, 0.41304347826086957, 0.4666666666666667, 0.4888888888888889, 0.4888888888888889, 0.4888888888888889, 0.4222222222222222, 0.5555555555555556]","[0.8461538461538461, 0.8013513513513513, 0.7211538461538461, 0.5892857142857143, 0.7612612612612613, 0.5541666666666667, 0.7888513513513513, 0.8486842105263158, 0.6111111111111112, 0.7803030303030303]","[0.41805555555555557, 0.45694444444444443, 0.39545454545454545, 0.35, 0.4181818181818182, 0.43333333333333335, 0.426010101010101, 0.43106060606060603, 0.3654040404040404, 0.502020202020202]","[0.4131313131313132, 0.4409340659340659, 0.37286324786324787, 0.29824561403508776, 0.4046541693600517, 0.4053921568627451, 0.4192057942057941, 0.42356071601354617, 0.3568216097627862, 0.5110765460030166]","[0.7993311036789297, 0.7669800235017626, 0.6906354515050167, 0.5512422360248447, 0.7325325325325325, 0.5166666666666667, 0.7462462462462462, 0.7982456140350876, 0.5777777777777777, 0.7367003367003366]","[0.4782608695652174, 0.5, 0.45652173913043476, 0.41304347826086957, 0.4666666666666667, 0.4888888888888889, 0.4888888888888889, 0.4888888888888889, 0.4222222222222222, 0.5555555555555556]","[0.4291172595520422, 0.44039655996177735, 0.391304347826087, 0.31655225019069416, 0.41801814742991217, 0.41459694989106755, 0.43548673548673544, 0.4319840885878622, 0.3746277252159605, 0.5205170102228925]","[array([[ 3,  0,  0,  9],
       [ 0,  2,  0,  7],
       [ 0,  0,  2,  8],
       [ 0,  0,  0, 15]]), array([[ 1,  1,  0, 10],
       [ 0,  4,  0,  5],
       [ 0,  0,  3,  7],
       [ 0,  0,  0, 15]]), array([[ 2,  1,  0,  8],
       [ 0,  1,  0,  9],
       [ 0,  0,  3,  7],
       [ 0,  0,  0, 15]]), array([[ 0,  0,  0, 11],
       [ 0,  2,  0,  8],
       [ 0,  0,  2,  8],
       [ 0,  0,  0, 15]]), array([[ 3,  1,  0,  7],
       [ 0,  2,  0,  8],
       [ 0,  0,  2,  8],
       [ 0,  0,  0, 14]]), array([[ 0,  1,  0, 10],
       [ 1,  4,  0,  5],
       [ 0,  0,  3,  6],
       [ 0,  0,  0, 15]]), array([[ 2,  0,  1,  8],
       [ 0,  2,  0,  7],
       [ 0,  0,  3,  7],
       [ 0,  0,  0, 15]]), array([[ 1,  0,  0, 10],
       [ 0,  3,  0,  6],
       [ 0,  0,  3,  7],
       [ 0,  0,  0, 15]]), array([[ 3,  0,  0,  8],
       [ 1,  2,  0,  6],
       [ 0,  0,  1,  9],
       [ 0,  0,  2, 13]]), array([[ 4,  0,  0,  7],
       [ 1,  4,  0,  4],
       [ 1,  0,  2,  7],
       [ 0,  0,  0, 15]])]"
7,"[0.6225490196078431, 0.6274509803921569, 0.6029411764705882, 0.6078431372549019, 0.6039119804400978, 0.6210268948655256, 0.6479217603911981, 0.6234718826405868, 0.6136919315403423, 0.6259168704156479]","[0.6225490196078431, 0.6274509803921569, 0.6029411764705882, 0.6078431372549019, 0.6039119804400978, 0.6210268948655256, 0.6479217603911981, 0.6234718826405868, 0.6136919315403423, 0.6259168704156479]","[0.6225490196078431, 0.6274509803921569, 0.6029411764705882, 0.6078431372549019, 0.6039119804400978, 0.6210268948655256, 0.6479217603911981, 0.6234718826405868, 0.6136919315403423, 0.6259168704156479]","[0.6225490196078431, 0.6274509803921569, 0.6029411764705882, 0.6078431372549019, 0.6039119804400978, 0.6210268948655256, 0.6479217603911981, 0.6234718826405868, 0.6136919315403423, 0.6259168704156479]","[0.8663194444444444, 0.8671328671328671, 0.8559835644581407, 0.8639455782312925, 0.855955754141238, 0.865916955017301, 0.8651246746704726, 0.8599679819192014, 0.858175830469645, 0.8667247386759582]","[0.5827412425644415, 0.5877412425644415, 0.5616183006743692, 0.5667359974360198, 0.5622857831529542, 0.5811625805437687, 0.6108341567798551, 0.5843501534555307, 0.5730513765190134, 0.5855598018493191]","[0.6152332230370003, 0.6213961267696969, 0.5907146002886812, 0.5971031966171357, 0.5911719695617607, 0.6144723954472933, 0.6454567836867108, 0.6164154966158569, 0.6049568041848712, 0.6201482000312122]","[0.8243804466230937, 0.8254490607431785, 0.8132529180136359, 0.8212618380685607, 0.8125009325912393, 0.8242823664774409, 0.825120458395693, 0.8186668220063175, 0.8163787574532918, 0.8253409778247276]","[0.6225490196078431, 0.6274509803921569, 0.6029411764705882, 0.6078431372549019, 0.6039119804400978, 0.6210268948655256, 0.6479217603911981, 0.6234718826405868, 0.6136919315403423, 0.6259168704156479]","[0.6136753848595102, 0.6199694596798665, 0.5897038420582822, 0.5960857016521096, 0.589706626935202, 0.6131935840995194, 0.6432498394511851, 0.6147322591350346, 0.6040667956821999, 0.6195082292445467]","[array([[ 35,   0,   0,  65],
       [  0,  49,   0,  36],
       [  0,   0,  36,  53],
       [  0,   0,   0, 134]]), array([[ 37,   0,   0,  63],
       [  0,  49,   0,  36],
       [  0,   0,  36,  53],
       [  0,   0,   0, 134]]), array([[ 32,   0,   0,  69],
       [  1,  46,   0,  37],
       [  0,   0,  34,  55],
       [  0,   0,   0, 134]]), array([[ 34,   0,   0,  67],
       [  0,  47,   0,  37],
       [  0,   0,  33,  56],
       [  0,   0,   0, 134]]), array([[ 30,   0,   0,  71],
       [  1,  46,   0,  37],
       [  0,   0,  36,  53],
       [  0,   0,   0, 135]]), array([[ 38,   0,   0,  63],
       [  0,  47,   0,  37],
       [  0,   0,  35,  55],
       [  0,   0,   0, 134]]), array([[ 42,   0,   0,  59],
       [  1,  52,   0,  32],
       [  0,   0,  37,  52],
       [  0,   0,   0, 134]]), array([[ 36,   0,   0,  65],
       [  1,  49,   0,  35],
       [  0,   0,  36,  53],
       [  0,   0,   0, 134]]), array([[ 35,   0,   0,  66],
       [  1,  46,   0,  38],
       [  0,   0,  36,  53],
       [  0,   0,   0, 134]]), array([[ 40,   0,   0,  61],
       [  0,  47,   0,  38],
       [  0,   0,  35,  54],
       [  0,   0,   0, 134]])]","[0.4782608695652174, 0.5217391304347826, 0.43478260869565216, 0.391304347826087, 0.4444444444444444, 0.4666666666666667, 0.4888888888888889, 0.4666666666666667, 0.37777777777777777, 0.4888888888888889]","[0.4782608695652174, 0.5217391304347826, 0.43478260869565216, 0.391304347826087, 0.4444444444444444, 0.4666666666666667, 0.4888888888888889, 0.4666666666666667, 0.37777777777777777, 0.4888888888888889]","[0.4782608695652174, 0.5217391304347826, 0.43478260869565216, 0.391304347826087, 0.4444444444444444, 0.4666666666666667, 0.4888888888888889, 0.4666666666666667, 0.37777777777777777, 0.4888888888888889]","[0.4782608695652174, 0.5217391304347826, 0.43478260869565216, 0.391304347826087, 0.4444444444444444, 0.4666666666666667, 0.4888888888888889, 0.4666666666666667, 0.37777777777777777, 0.4888888888888889]","[0.8461538461538461, 0.8513513513513513, 0.71875, 0.5872093023255814, 0.7171052631578947, 0.5361842105263158, 0.7888513513513513, 0.8461538461538461, 0.4628378378378378, 0.7291666666666666]","[0.41805555555555557, 0.47777777777777775, 0.3704545454545455, 0.325, 0.3931818181818182, 0.4083333333333333, 0.426010101010101, 0.40606060606060607, 0.319949494949495, 0.4287878787878788]","[0.4131313131313132, 0.48489010989010983, 0.3382867132867133, 0.258098223615465, 0.3667582417582418, 0.37365229110512127, 0.4192057942057941, 0.3888888888888889, 0.28525641025641024, 0.4220588235294118]","[0.7993311036789297, 0.8061104582843713, 0.6875, 0.5485338725985844, 0.6923976608187135, 0.49824561403508777, 0.7462462462462462, 0.7948717948717948, 0.4467467467467467, 0.6833333333333333]","[0.4782608695652174, 0.5217391304347826, 0.43478260869565216, 0.391304347826087, 0.4444444444444444, 0.4666666666666667, 0.4888888888888889, 0.4666666666666667, 0.37777777777777777, 0.4888888888888889]","[0.4291172595520422, 0.48339703774486376, 0.36013986013986016, 0.2806551269819636, 0.3833943833943835, 0.3839173405211141, 0.43548673548673544, 0.4, 0.3051282051282052, 0.4353376906318083]","[array([[ 3,  0,  0,  9],
       [ 0,  2,  0,  7],
       [ 0,  0,  2,  8],
       [ 0,  0,  0, 15]]), array([[ 2,  0,  0, 10],
       [ 0,  4,  0,  5],
       [ 0,  0,  3,  7],
       [ 0,  0,  0, 15]]), array([[ 2,  1,  0,  8],
       [ 0,  1,  0,  9],
       [ 0,  0,  2,  8],
       [ 0,  0,  0, 15]]), array([[ 0,  0,  0, 11],
       [ 0,  2,  0,  8],
       [ 0,  0,  1,  9],
       [ 0,  0,  0, 15]]), array([[ 3,  1,  0,  7],
       [ 0,  1,  0,  9],
       [ 0,  0,  2,  8],
       [ 0,  0,  0, 14]]), array([[ 0,  1,  0, 10],
       [ 0,  3,  0,  7],
       [ 0,  0,  3,  6],
       [ 0,  0,  0, 15]]), array([[ 2,  0,  1,  8],
       [ 0,  2,  0,  7],
       [ 0,  0,  3,  7],
       [ 0,  0,  0, 15]]), array([[ 1,  0,  0, 10],
       [ 0,  3,  0,  6],
       [ 0,  0,  2,  8],
       [ 0,  0,  0, 15]]), array([[ 1,  1,  0,  9],
       [ 1,  2,  0,  6],
       [ 0,  0,  1,  9],
       [ 0,  0,  2, 13]]), array([[ 2,  0,  0,  9],
       [ 2,  3,  0,  4],
       [ 0,  0,  2,  8],
       [ 0,  0,  0, 15]])]"
8,"[0.6029411764705882, 0.6029411764705882, 0.5882352941176471, 0.5882352941176471, 0.5819070904645477, 0.5965770171149144, 0.6308068459657702, 0.6014669926650367, 0.5965770171149144, 0.5965770171149144]","[0.6029411764705882, 0.6029411764705882, 0.5882352941176471, 0.5882352941176471, 0.5819070904645477, 0.5965770171149144, 0.6308068459657702, 0.6014669926650367, 0.5965770171149144, 0.5965770171149144]","[0.6029411764705882, 0.6029411764705882, 0.5882352941176471, 0.5882352941176471, 0.5819070904645477, 0.5965770171149144, 0.6308068459657702, 0.6014669926650367, 0.5965770171149144, 0.5965770171149144]","[0.6029411764705882, 0.6029411764705882, 0.5882352941176471, 0.5882352941176471, 0.5819070904645477, 0.5965770171149144, 0.6308068459657702, 0.6014669926650367, 0.5965770171149144, 0.5965770171149144]","[0.8557468220338983, 0.8562063808574277, 0.8609271523178808, 0.8609271523178808, 0.8602941176470589, 0.8620401337792643, 0.8675438596491228, 0.8627946127946128, 0.8620401337792643, 0.8620401337792643]","[0.5612409120951751, 0.560490746860542, 0.5457649296229783, 0.5447637059051009, 0.5378382440972829, 0.554500628634292, 0.5922418249756238, 0.560007656416666, 0.5549249736606179, 0.5542574911820329]","[0.5898430837455229, 0.5901299052586789, 0.5722832386674092, 0.5721356338615513, 0.5629261499107037, 0.5834348850784287, 0.6257803672734048, 0.5895370892723855, 0.5834441832143311, 0.583357987681417]","[0.8130950897308076, 0.8135456375970128, 0.8172964550058435, 0.8172964550058435, 0.8155472457931828, 0.8192017401117008, 0.8264144468751341, 0.8201904950071209, 0.8192017401117008, 0.8192017401117008]","[0.6029411764705882, 0.6029411764705882, 0.5882352941176471, 0.5882352941176471, 0.5819070904645477, 0.5965770171149144, 0.6308068459657702, 0.6014669926650367, 0.5965770171149144, 0.5965770171149144]","[0.5892505091751863, 0.5902129522705772, 0.5714832984066045, 0.57240122487694, 0.5625734321013474, 0.5831336892797234, 0.6238601836054347, 0.5888066456746516, 0.582604585957357, 0.5832098849167734]","[array([[ 31,   0,   0,  69],
       [  1,  47,   0,  37],
       [  0,   0,  34,  55],
       [  0,   0,   0, 134]]), array([[ 33,   0,   0,  67],
       [  1,  46,   0,  38],
       [  0,   0,  33,  56],
       [  0,   0,   0, 134]]), array([[ 28,   0,   0,  73],
       [  0,  44,   0,  40],
       [  0,   0,  34,  55],
       [  0,   0,   0, 134]]), array([[ 31,   0,   0,  70],
       [  0,  44,   0,  40],
       [  0,   0,  31,  58],
       [  0,   0,   0, 134]]), array([[ 26,   0,   0,  75],
       [  0,  43,   0,  41],
       [  0,   0,  34,  55],
       [  0,   0,   0, 135]]), array([[ 33,   0,   0,  68],
       [  0,  45,   0,  39],
       [  0,   0,  32,  58],
       [  0,   0,   0, 134]]), array([[ 38,   0,   0,  63],
       [  0,  50,   0,  35],
       [  0,   0,  36,  53],
       [  0,   0,   0, 134]]), array([[ 32,   0,   0,  69],
       [  0,  46,   0,  39],
       [  0,   0,  34,  55],
       [  0,   0,   0, 134]]), array([[ 30,   0,   0,  71],
       [  0,  45,   0,  40],
       [  0,   0,  35,  54],
       [  0,   0,   0, 134]]), array([[ 32,   0,   0,  69],
       [  0,  45,   0,  40],
       [  0,   0,  33,  56],
       [  0,   0,   0, 134]])]","[0.45652173913043476, 0.4782608695652174, 0.43478260869565216, 0.391304347826087, 0.4222222222222222, 0.4222222222222222, 0.4666666666666667, 0.4444444444444444, 0.35555555555555557, 0.4444444444444444]","[0.45652173913043476, 0.4782608695652174, 0.43478260869565216, 0.391304347826087, 0.4222222222222222, 0.4222222222222222, 0.4666666666666667, 0.4444444444444444, 0.35555555555555557, 0.4444444444444444]","[0.45652173913043476, 0.4782608695652174, 0.43478260869565216, 0.391304347826087, 0.4222222222222222, 0.4222222222222222, 0.4666666666666667, 0.4444444444444444, 0.35555555555555557, 0.4444444444444444]","[0.45652173913043476, 0.4782608695652174, 0.43478260869565216, 0.391304347826087, 0.4222222222222222, 0.4222222222222222, 0.4666666666666667, 0.4444444444444444, 0.35555555555555557, 0.4444444444444444]","[0.84375, 0.8461538461538461, 0.71875, 0.5872093023255814, 0.7147435897435898, 0.47115384615384615, 0.7861842105263158, 0.84375, 0.418859649122807, 0.5986842105263158]","[0.39305555555555555, 0.42916666666666664, 0.3704545454545455, 0.325, 0.3704545454545455, 0.35833333333333334, 0.3982323232323232, 0.3782828282828283, 0.2921717171717172, 0.38106060606060604]","[0.37272727272727274, 0.41773504273504275, 0.3382867132867133, 0.258098223615465, 0.33399854862119016, 0.3055555555555556, 0.3755753680281982, 0.3522727272727273, 0.24501913181158463, 0.3466376390904693]","[0.7961956521739131, 0.7993311036789297, 0.6875, 0.5485338725985844, 0.6894586894586895, 0.4393162393162393, 0.7426900584795321, 0.7916666666666666, 0.41033138401559455, 0.5649122807017544]","[0.45652173913043476, 0.4782608695652174, 0.43478260869565216, 0.391304347826087, 0.4222222222222222, 0.4222222222222222, 0.4666666666666667, 0.4444444444444444, 0.35555555555555557, 0.4444444444444444]","[0.39288537549407115, 0.419453734671126, 0.36013986013986016, 0.2806551269819636, 0.3506853733268828, 0.32222222222222224, 0.39913101573478926, 0.36936026936026933, 0.2716805207371245, 0.3633231199268936]","[array([[ 3,  0,  0,  9],
       [ 0,  2,  0,  7],
       [ 0,  0,  1,  9],
       [ 0,  0,  0, 15]]), array([[ 1,  0,  0, 11],
       [ 0,  3,  0,  6],
       [ 0,  0,  3,  7],
       [ 0,  0,  0, 15]]), array([[ 2,  1,  0,  8],
       [ 0,  1,  0,  9],
       [ 0,  0,  2,  8],
       [ 0,  0,  0, 15]]), array([[ 0,  0,  0, 11],
       [ 0,  2,  0,  8],
       [ 0,  0,  1,  9],
       [ 0,  0,  0, 15]]), array([[ 2,  1,  0,  8],
       [ 0,  1,  0,  9],
       [ 0,  0,  2,  8],
       [ 0,  0,  0, 14]]), array([[ 0,  1,  0, 10],
       [ 1,  1,  0,  8],
       [ 0,  0,  3,  6],
       [ 0,  0,  0, 15]]), array([[ 2,  0,  1,  8],
       [ 0,  1,  0,  8],
       [ 0,  0,  3,  7],
       [ 0,  0,  0, 15]]), array([[ 1,  0,  0, 10],
       [ 0,  2,  0,  7],
       [ 0,  0,  2,  8],
       [ 0,  0,  0, 15]]), array([[ 1,  1,  0,  9],
       [ 1,  1,  0,  7],
       [ 0,  0,  1,  9],
       [ 0,  0,  2, 13]]), array([[ 1,  0,  1,  9],
       [ 1,  3,  0,  5],
       [ 0,  0,  1,  9],
       [ 0,  0,  0, 15]])]"
9,"[0.5955882352941176, 0.5906862745098039, 0.5882352941176471, 0.5857843137254902, 0.5794621026894865, 0.5794621026894865, 0.6136919315403423, 0.5965770171149144, 0.5916870415647921, 0.5819070904645477]","[0.5955882352941176, 0.5906862745098039, 0.5882352941176471, 0.5857843137254902, 0.5794621026894865, 0.5794621026894865, 0.6136919315403423, 0.5965770171149144, 0.5916870415647921, 0.5819070904645477]","[0.5955882352941176, 0.5906862745098039, 0.5882352941176471, 0.5857843137254902, 0.5794621026894865, 0.5794621026894865, 0.6136919315403423, 0.5965770171149144, 0.5916870415647921, 0.5819070904645477]","[0.5955882352941176, 0.5906862745098039, 0.5882352941176471, 0.5857843137254902, 0.5794621026894865, 0.5794621026894865, 0.6136919315403423, 0.5965770171149144, 0.5916870415647921, 0.5819070904645477]","[0.8620401337792643, 0.8612956810631229, 0.8609271523178808, 0.8605610561056105, 0.8599348534201954, 0.8594771241830066, 0.8647260273972602, 0.8620401337792643, 0.8612956810631229, 0.8598360655737705]","[0.5532997356245869, 0.5471083939193655, 0.5457649296229783, 0.5422884583803484, 0.5353629965725304, 0.5356710671067106, 0.5741154221172282, 0.5545912324213254, 0.5495085496652772, 0.5386063358483899]","[0.5809214130584348, 0.5751961411886215, 0.5722832386674092, 0.5688635612637636, 0.5594240020295443, 0.5616253964614621, 0.6043761768169602, 0.5834469587004371, 0.5772331179611879, 0.5639207623777591]","[0.8187586071217784, 0.8177806006123379, 0.8172964550058435, 0.8168155050799197, 0.815072911606126, 0.8158428815699059, 0.8227216398164584, 0.8192017401117008, 0.8182261248162197, 0.8163132790893423]","[0.5955882352941176, 0.5906862745098039, 0.5882352941176471, 0.5857843137254902, 0.5794621026894865, 0.5794621026894865, 0.6136919315403423, 0.5965770171149144, 0.5916870415647921, 0.5819070904645477]","[0.5803842969925217, 0.5755936399523631, 0.5714832984066045, 0.5690474632857435, 0.5589989492031325, 0.5620851712318304, 0.6025742120504476, 0.5829497412221748, 0.5766364105342809, 0.5640780874264567]","[array([[ 29,   0,   0,  71],
       [  0,  46,   0,  39],
       [  0,   0,  34,  55],
       [  0,   0,   0, 134]]), array([[ 30,   0,   0,  70],
       [  0,  44,   0,  41],
       [  0,   0,  33,  56],
       [  0,   0,   0, 134]]), array([[ 28,   0,   0,  73],
       [  0,  44,   0,  40],
       [  0,   0,  34,  55],
       [  0,   0,   0, 134]]), array([[ 30,   0,   0,  71],
       [  0,  44,   0,  40],
       [  0,   0,  31,  58],
       [  0,   0,   0, 134]]), array([[ 25,   0,   0,  76],
       [  0,  43,   0,  41],
       [  0,   0,  34,  55],
       [  0,   0,   0, 135]]), array([[ 29,   0,   0,  72],
       [  0,  42,   0,  42],
       [  0,   0,  32,  58],
       [  0,   0,   0, 134]]), array([[ 33,   0,   0,  68],
       [  0,  49,   0,  36],
       [  0,   0,  35,  54],
       [  0,   0,   0, 134]]), array([[ 31,   0,   0,  70],
       [  0,  45,   0,  40],
       [  0,   0,  34,  55],
       [  0,   0,   0, 134]]), array([[ 29,   0,   0,  72],
       [  0,  44,   0,  41],
       [  0,   0,  35,  54],
       [  0,   0,   0, 134]]), array([[ 28,   0,   0,  73],
       [  0,  44,   0,  41],
       [  0,   0,  32,  57],
       [  0,   0,   0, 134]])]","[0.45652173913043476, 0.4782608695652174, 0.3695652173913043, 0.391304347826087, 0.4222222222222222, 0.4222222222222222, 0.4444444444444444, 0.4444444444444444, 0.3333333333333333, 0.4666666666666667]","[0.45652173913043476, 0.4782608695652174, 0.3695652173913043, 0.391304347826087, 0.4222222222222222, 0.4222222222222222, 0.4444444444444444, 0.4444444444444444, 0.3333333333333333, 0.4666666666666667]","[0.45652173913043476, 0.4782608695652174, 0.3695652173913043, 0.391304347826087, 0.4222222222222222, 0.4222222222222222, 0.4444444444444444, 0.4444444444444444, 0.3333333333333333, 0.4666666666666667]","[0.45652173913043476, 0.4782608695652174, 0.36956521739130427, 0.391304347826087, 0.4222222222222222, 0.4222222222222222, 0.4444444444444444, 0.4444444444444444, 0.3333333333333333, 0.4666666666666667]","[0.84375, 0.8461538461538461, 0.4622093023255814, 0.5872093023255814, 0.7147435897435898, 0.46875, 0.7836538461538461, 0.84375, 0.29166666666666663, 0.643018018018018]","[0.39305555555555555, 0.42916666666666664, 0.29772727272727273, 0.325, 0.3704545454545455, 0.35833333333333334, 0.3755050505050505, 0.3782828282828283, 0.26944444444444443, 0.40606060606060607]","[0.37272727272727274, 0.41773504273504275, 0.21264367816091956, 0.258098223615465, 0.33399854862119016, 0.30303030303030304, 0.3376984126984127, 0.3522727272727273, 0.20428645428645426, 0.3846153846153846]","[0.7961956521739131, 0.7993311036789297, 0.461577350859454, 0.5485338725985844, 0.6894586894586895, 0.4361111111111111, 0.7393162393162392, 0.7916666666666666, 0.28518518518518515, 0.6055055055055054]","[0.45652173913043476, 0.4782608695652174, 0.3695652173913043, 0.391304347826087, 0.4222222222222222, 0.4222222222222222, 0.4444444444444444, 0.4444444444444444, 0.3333333333333333, 0.4666666666666667]","[0.39288537549407115, 0.419453734671126, 0.24475262368815592, 0.2806551269819636, 0.3506853733268828, 0.31885521885521884, 0.3611640211640212, 0.36936026936026933, 0.23104549771216437, 0.3982905982905983]","[array([[ 3,  0,  0,  9],
       [ 0,  2,  0,  7],
       [ 0,  0,  1,  9],
       [ 0,  0,  0, 15]]), array([[ 1,  0,  0, 11],
       [ 0,  3,  0,  6],
       [ 0,  0,  3,  7],
       [ 0,  0,  0, 15]]), array([[ 1,  1,  0,  9],
       [ 0,  1,  0,  9],
       [ 0,  0,  0, 10],
       [ 0,  0,  0, 15]]), array([[ 0,  0,  0, 11],
       [ 0,  2,  0,  8],
       [ 0,  0,  1,  9],
       [ 0,  0,  0, 15]]), array([[ 2,  1,  0,  8],
       [ 0,  1,  0,  9],
       [ 0,  0,  2,  8],
       [ 0,  0,  0, 14]]), array([[ 0,  1,  0, 10],
       [ 0,  1,  0,  9],
       [ 0,  0,  3,  6],
       [ 0,  0,  0, 15]]), array([[ 1,  0,  1,  9],
       [ 0,  1,  0,  8],
       [ 0,  0,  3,  7],
       [ 0,  0,  0, 15]]), array([[ 1,  0,  0, 10],
       [ 0,  2,  0,  7],
       [ 0,  0,  2,  8],
       [ 0,  0,  0, 15]]), array([[ 0,  1,  0, 10],
       [ 1,  1,  0,  7],
       [ 0,  0,  1,  9],
       [ 0,  0,  2, 13]]), array([[ 1,  0,  1,  9],
       [ 1,  3,  0,  5],
       [ 0,  0,  2,  8],
       [ 0,  0,  0, 15]])]"
10,"[0.5931372549019608, 0.5906862745098039, 0.5833333333333334, 0.5857843137254902, 0.5745721271393643, 0.5794621026894865, 0.6063569682151589, 0.5916870415647921, 0.58679706601467, 0.5794621026894865]","[0.5931372549019608, 0.5906862745098039, 0.5833333333333334, 0.5857843137254902, 0.5745721271393643, 0.5794621026894865, 0.6063569682151589, 0.5916870415647921, 0.58679706601467, 0.5794621026894865]","[0.5931372549019608, 0.5906862745098039, 0.5833333333333334, 0.5857843137254902, 0.5745721271393643, 0.5794621026894865, 0.6063569682151589, 0.5916870415647921, 0.58679706601467, 0.5794621026894865]","[0.5931372549019608, 0.5906862745098039, 0.5833333333333334, 0.5857843137254902, 0.5745721271393643, 0.5794621026894865, 0.6063569682151589, 0.5916870415647921, 0.58679706601467, 0.5794621026894865]","[0.8616666666666667, 0.8612956810631229, 0.8601973684210527, 0.8605610561056105, 0.8592233009708737, 0.8594771241830066, 0.8635593220338983, 0.8612956810631229, 0.8605610561056105, 0.8594771241830066]","[0.550490746860542, 0.5471083939193655, 0.5404806933341809, 0.5422884583803484, 0.530078760283733, 0.5356710671067106, 0.5658900093578426, 0.549306996132528, 0.5442243133764797, 0.5356651593778017]","[0.5775994016828394, 0.5751961411886215, 0.5655576881690246, 0.5688635612637636, 0.5525642672490484, 0.5616253964614621, 0.5951404179902254, 0.5768496300159076, 0.5705992273588854, 0.5610000140143507]","[0.8182679738562092, 0.8177806006123379, 0.8163377192982456, 0.8168155050799197, 0.8141334536045766, 0.8158428815699059, 0.8211926567485807, 0.8182261248162197, 0.8172633889305801, 0.8158428815699059]","[0.5931372549019608, 0.5906862745098039, 0.5833333333333334, 0.5857843137254902, 0.5745721271393643, 0.5794621026894865, 0.6063569682151589, 0.5916870415647921, 0.58679706601467, 0.5794621026894865]","[0.5773283861790086, 0.5755936399523631, 0.5649455479497922, 0.5690474632857435, 0.5523423602493415, 0.5620851712318304, 0.5938119681210786, 0.5765514881505469, 0.5701985308053267, 0.5614838587378512]","[array([[ 29,   0,   0,  71],
       [  0,  46,   0,  39],
       [  0,   0,  33,  56],
       [  0,   0,   0, 134]]), array([[ 30,   0,   0,  70],
       [  0,  44,   0,  41],
       [  0,   0,  33,  56],
       [  0,   0,   0, 134]]), array([[ 27,   0,   0,  74],
       [  0,  44,   0,  40],
       [  0,   0,  33,  56],
       [  0,   0,   0, 134]]), array([[ 30,   0,   0,  71],
       [  0,  44,   0,  40],
       [  0,   0,  31,  58],
       [  0,   0,   0, 134]]), array([[ 24,   0,   0,  77],
       [  0,  43,   0,  41],
       [  0,   0,  33,  56],
       [  0,   0,   0, 135]]), array([[ 29,   0,   0,  72],
       [  0,  42,   0,  42],
       [  0,   0,  32,  58],
       [  0,   0,   0, 134]]), array([[ 32,   0,   0,  69],
       [  0,  48,   0,  37],
       [  0,   0,  34,  55],
       [  0,   0,   0, 134]]), array([[ 30,   0,   0,  71],
       [  0,  45,   0,  40],
       [  0,   0,  33,  56],
       [  0,   0,   0, 134]]), array([[ 28,   0,   0,  73],
       [  0,  44,   0,  41],
       [  0,   0,  34,  55],
       [  0,   0,   0, 134]]), array([[ 28,   0,   0,  73],
       [  0,  43,   0,  42],
       [  0,   0,  32,  57],
       [  0,   0,   0, 134]])]","[0.43478260869565216, 0.45652173913043476, 0.3695652173913043, 0.3695652173913043, 0.4, 0.4222222222222222, 0.4444444444444444, 0.4444444444444444, 0.3333333333333333, 0.4666666666666667]","[0.43478260869565216, 0.45652173913043476, 0.3695652173913043, 0.3695652173913043, 0.4, 0.4222222222222222, 0.4444444444444444, 0.4444444444444444, 0.3333333333333333, 0.4666666666666667]","[0.43478260869565216, 0.45652173913043476, 0.3695652173913043, 0.3695652173913043, 0.4, 0.4222222222222222, 0.4444444444444444, 0.4444444444444444, 0.3333333333333333, 0.4666666666666667]","[0.43478260869565216, 0.45652173913043476, 0.36956521739130427, 0.36956521739130427, 0.4000000000000001, 0.4222222222222222, 0.4444444444444444, 0.4444444444444444, 0.3333333333333333, 0.4666666666666667]","[0.8414634146341463, 0.7211538461538461, 0.5852272727272727, 0.5852272727272727, 0.7125, 0.46875, 0.7836538461538461, 0.84375, 0.29166666666666663, 0.7653508771929824]","[0.37222222222222223, 0.4013888888888889, 0.29772727272727273, 0.3, 0.3477272727272727, 0.35833333333333334, 0.3755050505050505, 0.3782828282828283, 0.26944444444444443, 0.40606060606060607]","[0.34172077922077926, 0.3808968808968809, 0.21423985618900873, 0.21802773497688752, 0.2962962962962963, 0.30303030303030304, 0.3376984126984127, 0.3522727272727273, 0.20428645428645426, 0.38509917755200773]","[0.7932131495227995, 0.6688963210702341, 0.5676877470355731, 0.5459486166007905, 0.6866666666666666, 0.4361111111111111, 0.7393162393162392, 0.7916666666666666, 0.28518518518518515, 0.7241715399610136]","[0.43478260869565216, 0.45652173913043476, 0.3695652173913043, 0.3695652173913043, 0.4, 0.4222222222222222, 0.4444444444444444, 0.4444444444444444, 0.3333333333333333, 0.4666666666666667]","[0.35989553924336526, 0.3899071942550204, 0.24518769120832495, 0.24485831044416156, 0.3131687242798354, 0.31885521885521884, 0.3611640211640212, 0.36936026936026933, 0.23104549771216437, 0.397796054399828]","[array([[ 2,  0,  0, 10],
       [ 0,  2,  0,  7],
       [ 0,  0,  1,  9],
       [ 0,  0,  0, 15]]), array([[ 1,  0,  0, 11],
       [ 1,  2,  0,  6],
       [ 0,  0,  3,  7],
       [ 0,  0,  0, 15]]), array([[ 1,  0,  0, 10],
       [ 0,  1,  0,  9],
       [ 0,  0,  0, 10],
       [ 0,  0,  0, 15]]), array([[ 0,  0,  0, 11],
       [ 0,  1,  0,  9],
       [ 0,  0,  1,  9],
       [ 0,  0,  0, 15]]), array([[ 1,  1,  0,  9],
       [ 0,  1,  0,  9],
       [ 0,  0,  2,  8],
       [ 0,  0,  0, 14]]), array([[ 0,  1,  0, 10],
       [ 0,  1,  0,  9],
       [ 0,  0,  3,  6],
       [ 0,  0,  0, 15]]), array([[ 1,  0,  1,  9],
       [ 0,  1,  0,  8],
       [ 0,  0,  3,  7],
       [ 0,  0,  0, 15]]), array([[ 1,  0,  0, 10],
       [ 0,  2,  0,  7],
       [ 0,  0,  2,  8],
       [ 0,  0,  0, 15]]), array([[ 0,  1,  0, 10],
       [ 1,  1,  0,  7],
       [ 0,  0,  1,  9],
       [ 0,  0,  2, 13]]), array([[ 1,  0,  1,  9],
       [ 0,  3,  0,  6],
       [ 0,  0,  2,  8],
       [ 0,  0,  0, 15]])]"
