C value,Train_Accuracy,Train_Precision_micro,Train_Recall_micro,Train_f1_micro,Train_Precision_macro,Train_Recall_macro,Train_f1_macro,Train_Precision_weighted,Train_Recall_weighted,Train_f1_weighted,Train_Confusion_Matrix,Test_Accuracy,Test_Precision_micro,Test_Recall_micro,Test_f1_micro,Test_Precision_macro,Test_Recall_macro,Test_f1_macro,Test_Precision_weighted,Test_Recall_weighted,Test_f1_weighted,Test_Confusion_Matrix
0.001,"[0.3284313725490196, 0.3284313725490196, 0.3284313725490196, 0.3284313725490196, 0.33007334963325186, 0.3276283618581907, 0.3276283618581907, 0.3276283618581907, 0.3276283618581907, 0.3276283618581907]","[0.3284313725490196, 0.3284313725490196, 0.3284313725490196, 0.3284313725490196, 0.33007334963325186, 0.3276283618581907, 0.3276283618581907, 0.3276283618581907, 0.3276283618581907, 0.3276283618581907]","[0.3284313725490196, 0.3284313725490196, 0.3284313725490196, 0.3284313725490196, 0.33007334963325186, 0.3276283618581907, 0.3276283618581907, 0.3276283618581907, 0.3276283618581907, 0.3276283618581907]","[0.3284313725490196, 0.3284313725490196, 0.3284313725490196, 0.3284313725490196, 0.33007334963325186, 0.3276283618581907, 0.3276283618581907, 0.3276283618581907, 0.3276283618581907, 0.3276283618581907]","[0.0821078431372549, 0.0821078431372549, 0.0821078431372549, 0.0821078431372549, 0.08251833740831296, 0.08190709046454768, 0.08190709046454768, 0.08190709046454768, 0.08190709046454768, 0.08190709046454768]","[0.25, 0.25, 0.25, 0.25, 0.25, 0.25, 0.25, 0.25, 0.25, 0.25]","[0.12361623616236163, 0.12361623616236163, 0.12361623616236163, 0.12361623616236163, 0.1240808823529412, 0.12338858195211787, 0.12338858195211787, 0.12338858195211787, 0.12338858195211787, 0.12338858195211787]","[0.10786716647443291, 0.10786716647443291, 0.10786716647443291, 0.10786716647443291, 0.10894841613811491, 0.10734034349388157, 0.10734034349388157, 0.10734034349388157, 0.10734034349388157, 0.10734034349388157]","[0.3284313725490196, 0.3284313725490196, 0.3284313725490196, 0.3284313725490196, 0.33007334963325186, 0.3276283618581907, 0.3276283618581907, 0.3276283618581907, 0.3276283618581907, 0.3276283618581907]","[0.16239780044859273, 0.16239780044859273, 0.16239780044859273, 0.16239780044859273, 0.163823169854739, 0.16170239590790997, 0.16170239590790997, 0.16170239590790997, 0.16170239590790997, 0.16170239590790997]","[array([[  0,   0,   0, 100],
       [  0,   0,   0,  85],
       [  0,   0,   0,  89],
       [  0,   0,   0, 134]]), array([[  0,   0,   0, 100],
       [  0,   0,   0,  85],
       [  0,   0,   0,  89],
       [  0,   0,   0, 134]]), array([[  0,   0,   0, 101],
       [  0,   0,   0,  84],
       [  0,   0,   0,  89],
       [  0,   0,   0, 134]]), array([[  0,   0,   0, 101],
       [  0,   0,   0,  84],
       [  0,   0,   0,  89],
       [  0,   0,   0, 134]]), array([[  0,   0,   0, 101],
       [  0,   0,   0,  84],
       [  0,   0,   0,  89],
       [  0,   0,   0, 135]]), array([[  0,   0,   0, 101],
       [  0,   0,   0,  84],
       [  0,   0,   0,  90],
       [  0,   0,   0, 134]]), array([[  0,   0,   0, 101],
       [  0,   0,   0,  85],
       [  0,   0,   0,  89],
       [  0,   0,   0, 134]]), array([[  0,   0,   0, 101],
       [  0,   0,   0,  85],
       [  0,   0,   0,  89],
       [  0,   0,   0, 134]]), array([[  0,   0,   0, 101],
       [  0,   0,   0,  85],
       [  0,   0,   0,  89],
       [  0,   0,   0, 134]]), array([[  0,   0,   0, 101],
       [  0,   0,   0,  85],
       [  0,   0,   0,  89],
       [  0,   0,   0, 134]])]","[0.32608695652173914, 0.32608695652173914, 0.32608695652173914, 0.32608695652173914, 0.3111111111111111, 0.3333333333333333, 0.3333333333333333, 0.3333333333333333, 0.3333333333333333, 0.3333333333333333]","[0.32608695652173914, 0.32608695652173914, 0.32608695652173914, 0.32608695652173914, 0.3111111111111111, 0.3333333333333333, 0.3333333333333333, 0.3333333333333333, 0.3333333333333333, 0.3333333333333333]","[0.32608695652173914, 0.32608695652173914, 0.32608695652173914, 0.32608695652173914, 0.3111111111111111, 0.3333333333333333, 0.3333333333333333, 0.3333333333333333, 0.3333333333333333, 0.3333333333333333]","[0.32608695652173914, 0.32608695652173914, 0.32608695652173914, 0.32608695652173914, 0.3111111111111111, 0.3333333333333333, 0.3333333333333333, 0.3333333333333333, 0.3333333333333333, 0.3333333333333333]","[0.08152173913043478, 0.08152173913043478, 0.08152173913043478, 0.08152173913043478, 0.07777777777777778, 0.08333333333333333, 0.08333333333333333, 0.08333333333333333, 0.08333333333333333, 0.08333333333333333]","[0.25, 0.25, 0.25, 0.25, 0.25, 0.25, 0.25, 0.25, 0.25, 0.25]","[0.12295081967213115, 0.12295081967213115, 0.12295081967213115, 0.12295081967213115, 0.11864406779661017, 0.125, 0.125, 0.125, 0.125, 0.125]","[0.10633270321361059, 0.10633270321361059, 0.10633270321361059, 0.10633270321361059, 0.09679012345679014, 0.1111111111111111, 0.1111111111111111, 0.1111111111111111, 0.1111111111111111, 0.1111111111111111]","[0.32608695652173914, 0.32608695652173914, 0.32608695652173914, 0.32608695652173914, 0.3111111111111111, 0.3333333333333333, 0.3333333333333333, 0.3333333333333333, 0.3333333333333333, 0.3333333333333333]","[0.16037063435495366, 0.16037063435495366, 0.16037063435495366, 0.16037063435495366, 0.14764595103578154, 0.16666666666666666, 0.16666666666666666, 0.16666666666666666, 0.16666666666666666, 0.16666666666666666]","[array([[ 0,  0,  0, 12],
       [ 0,  0,  0,  9],
       [ 0,  0,  0, 10],
       [ 0,  0,  0, 15]]), array([[ 0,  0,  0, 12],
       [ 0,  0,  0,  9],
       [ 0,  0,  0, 10],
       [ 0,  0,  0, 15]]), array([[ 0,  0,  0, 11],
       [ 0,  0,  0, 10],
       [ 0,  0,  0, 10],
       [ 0,  0,  0, 15]]), array([[ 0,  0,  0, 11],
       [ 0,  0,  0, 10],
       [ 0,  0,  0, 10],
       [ 0,  0,  0, 15]]), array([[ 0,  0,  0, 11],
       [ 0,  0,  0, 10],
       [ 0,  0,  0, 10],
       [ 0,  0,  0, 14]]), array([[ 0,  0,  0, 11],
       [ 0,  0,  0, 10],
       [ 0,  0,  0,  9],
       [ 0,  0,  0, 15]]), array([[ 0,  0,  0, 11],
       [ 0,  0,  0,  9],
       [ 0,  0,  0, 10],
       [ 0,  0,  0, 15]]), array([[ 0,  0,  0, 11],
       [ 0,  0,  0,  9],
       [ 0,  0,  0, 10],
       [ 0,  0,  0, 15]]), array([[ 0,  0,  0, 11],
       [ 0,  0,  0,  9],
       [ 0,  0,  0, 10],
       [ 0,  0,  0, 15]]), array([[ 0,  0,  0, 11],
       [ 0,  0,  0,  9],
       [ 0,  0,  0, 10],
       [ 0,  0,  0, 15]])]"
0.005,"[0.3284313725490196, 0.3284313725490196, 0.3284313725490196, 0.3284313725490196, 0.33007334963325186, 0.3276283618581907, 0.3276283618581907, 0.3276283618581907, 0.3276283618581907, 0.3276283618581907]","[0.3284313725490196, 0.3284313725490196, 0.3284313725490196, 0.3284313725490196, 0.33007334963325186, 0.3276283618581907, 0.3276283618581907, 0.3276283618581907, 0.3276283618581907, 0.3276283618581907]","[0.3284313725490196, 0.3284313725490196, 0.3284313725490196, 0.3284313725490196, 0.33007334963325186, 0.3276283618581907, 0.3276283618581907, 0.3276283618581907, 0.3276283618581907, 0.3276283618581907]","[0.3284313725490196, 0.3284313725490196, 0.3284313725490196, 0.3284313725490196, 0.33007334963325186, 0.3276283618581907, 0.3276283618581907, 0.3276283618581907, 0.3276283618581907, 0.3276283618581907]","[0.0821078431372549, 0.0821078431372549, 0.0821078431372549, 0.0821078431372549, 0.08251833740831296, 0.08190709046454768, 0.08190709046454768, 0.08190709046454768, 0.08190709046454768, 0.08190709046454768]","[0.25, 0.25, 0.25, 0.25, 0.25, 0.25, 0.25, 0.25, 0.25, 0.25]","[0.12361623616236163, 0.12361623616236163, 0.12361623616236163, 0.12361623616236163, 0.1240808823529412, 0.12338858195211787, 0.12338858195211787, 0.12338858195211787, 0.12338858195211787, 0.12338858195211787]","[0.10786716647443291, 0.10786716647443291, 0.10786716647443291, 0.10786716647443291, 0.10894841613811491, 0.10734034349388157, 0.10734034349388157, 0.10734034349388157, 0.10734034349388157, 0.10734034349388157]","[0.3284313725490196, 0.3284313725490196, 0.3284313725490196, 0.3284313725490196, 0.33007334963325186, 0.3276283618581907, 0.3276283618581907, 0.3276283618581907, 0.3276283618581907, 0.3276283618581907]","[0.16239780044859273, 0.16239780044859273, 0.16239780044859273, 0.16239780044859273, 0.163823169854739, 0.16170239590790997, 0.16170239590790997, 0.16170239590790997, 0.16170239590790997, 0.16170239590790997]","[array([[  0,   0,   0, 100],
       [  0,   0,   0,  85],
       [  0,   0,   0,  89],
       [  0,   0,   0, 134]]), array([[  0,   0,   0, 100],
       [  0,   0,   0,  85],
       [  0,   0,   0,  89],
       [  0,   0,   0, 134]]), array([[  0,   0,   0, 101],
       [  0,   0,   0,  84],
       [  0,   0,   0,  89],
       [  0,   0,   0, 134]]), array([[  0,   0,   0, 101],
       [  0,   0,   0,  84],
       [  0,   0,   0,  89],
       [  0,   0,   0, 134]]), array([[  0,   0,   0, 101],
       [  0,   0,   0,  84],
       [  0,   0,   0,  89],
       [  0,   0,   0, 135]]), array([[  0,   0,   0, 101],
       [  0,   0,   0,  84],
       [  0,   0,   0,  90],
       [  0,   0,   0, 134]]), array([[  0,   0,   0, 101],
       [  0,   0,   0,  85],
       [  0,   0,   0,  89],
       [  0,   0,   0, 134]]), array([[  0,   0,   0, 101],
       [  0,   0,   0,  85],
       [  0,   0,   0,  89],
       [  0,   0,   0, 134]]), array([[  0,   0,   0, 101],
       [  0,   0,   0,  85],
       [  0,   0,   0,  89],
       [  0,   0,   0, 134]]), array([[  0,   0,   0, 101],
       [  0,   0,   0,  85],
       [  0,   0,   0,  89],
       [  0,   0,   0, 134]])]","[0.32608695652173914, 0.32608695652173914, 0.32608695652173914, 0.32608695652173914, 0.3111111111111111, 0.3333333333333333, 0.3333333333333333, 0.3333333333333333, 0.3333333333333333, 0.3333333333333333]","[0.32608695652173914, 0.32608695652173914, 0.32608695652173914, 0.32608695652173914, 0.3111111111111111, 0.3333333333333333, 0.3333333333333333, 0.3333333333333333, 0.3333333333333333, 0.3333333333333333]","[0.32608695652173914, 0.32608695652173914, 0.32608695652173914, 0.32608695652173914, 0.3111111111111111, 0.3333333333333333, 0.3333333333333333, 0.3333333333333333, 0.3333333333333333, 0.3333333333333333]","[0.32608695652173914, 0.32608695652173914, 0.32608695652173914, 0.32608695652173914, 0.3111111111111111, 0.3333333333333333, 0.3333333333333333, 0.3333333333333333, 0.3333333333333333, 0.3333333333333333]","[0.08152173913043478, 0.08152173913043478, 0.08152173913043478, 0.08152173913043478, 0.07777777777777778, 0.08333333333333333, 0.08333333333333333, 0.08333333333333333, 0.08333333333333333, 0.08333333333333333]","[0.25, 0.25, 0.25, 0.25, 0.25, 0.25, 0.25, 0.25, 0.25, 0.25]","[0.12295081967213115, 0.12295081967213115, 0.12295081967213115, 0.12295081967213115, 0.11864406779661017, 0.125, 0.125, 0.125, 0.125, 0.125]","[0.10633270321361059, 0.10633270321361059, 0.10633270321361059, 0.10633270321361059, 0.09679012345679014, 0.1111111111111111, 0.1111111111111111, 0.1111111111111111, 0.1111111111111111, 0.1111111111111111]","[0.32608695652173914, 0.32608695652173914, 0.32608695652173914, 0.32608695652173914, 0.3111111111111111, 0.3333333333333333, 0.3333333333333333, 0.3333333333333333, 0.3333333333333333, 0.3333333333333333]","[0.16037063435495366, 0.16037063435495366, 0.16037063435495366, 0.16037063435495366, 0.14764595103578154, 0.16666666666666666, 0.16666666666666666, 0.16666666666666666, 0.16666666666666666, 0.16666666666666666]","[array([[ 0,  0,  0, 12],
       [ 0,  0,  0,  9],
       [ 0,  0,  0, 10],
       [ 0,  0,  0, 15]]), array([[ 0,  0,  0, 12],
       [ 0,  0,  0,  9],
       [ 0,  0,  0, 10],
       [ 0,  0,  0, 15]]), array([[ 0,  0,  0, 11],
       [ 0,  0,  0, 10],
       [ 0,  0,  0, 10],
       [ 0,  0,  0, 15]]), array([[ 0,  0,  0, 11],
       [ 0,  0,  0, 10],
       [ 0,  0,  0, 10],
       [ 0,  0,  0, 15]]), array([[ 0,  0,  0, 11],
       [ 0,  0,  0, 10],
       [ 0,  0,  0, 10],
       [ 0,  0,  0, 14]]), array([[ 0,  0,  0, 11],
       [ 0,  0,  0, 10],
       [ 0,  0,  0,  9],
       [ 0,  0,  0, 15]]), array([[ 0,  0,  0, 11],
       [ 0,  0,  0,  9],
       [ 0,  0,  0, 10],
       [ 0,  0,  0, 15]]), array([[ 0,  0,  0, 11],
       [ 0,  0,  0,  9],
       [ 0,  0,  0, 10],
       [ 0,  0,  0, 15]]), array([[ 0,  0,  0, 11],
       [ 0,  0,  0,  9],
       [ 0,  0,  0, 10],
       [ 0,  0,  0, 15]]), array([[ 0,  0,  0, 11],
       [ 0,  0,  0,  9],
       [ 0,  0,  0, 10],
       [ 0,  0,  0, 15]])]"
0.01,"[0.3284313725490196, 0.3284313725490196, 0.3284313725490196, 0.3284313725490196, 0.33007334963325186, 0.3276283618581907, 0.3276283618581907, 0.3276283618581907, 0.3276283618581907, 0.3276283618581907]","[0.3284313725490196, 0.3284313725490196, 0.3284313725490196, 0.3284313725490196, 0.33007334963325186, 0.3276283618581907, 0.3276283618581907, 0.3276283618581907, 0.3276283618581907, 0.3276283618581907]","[0.3284313725490196, 0.3284313725490196, 0.3284313725490196, 0.3284313725490196, 0.33007334963325186, 0.3276283618581907, 0.3276283618581907, 0.3276283618581907, 0.3276283618581907, 0.3276283618581907]","[0.3284313725490196, 0.3284313725490196, 0.3284313725490196, 0.3284313725490196, 0.33007334963325186, 0.3276283618581907, 0.3276283618581907, 0.3276283618581907, 0.3276283618581907, 0.3276283618581907]","[0.0821078431372549, 0.08230958230958231, 0.08230958230958231, 0.08230958230958231, 0.08272058823529412, 0.0821078431372549, 0.0821078431372549, 0.0821078431372549, 0.0821078431372549, 0.0821078431372549]","[0.25, 0.25, 0.25, 0.25, 0.25, 0.25, 0.25, 0.25, 0.25, 0.25]","[0.12361623616236163, 0.12384473197781885, 0.12384473197781885, 0.12384473197781885, 0.12430939226519337, 0.12361623616236163, 0.12361623616236163, 0.12361623616236163, 0.12361623616236163, 0.12361623616236163]","[0.10786716647443291, 0.10813219636749048, 0.10813219636749048, 0.10813219636749048, 0.10921544656982596, 0.10760343257107244, 0.10760343257107244, 0.10760343257107244, 0.10760343257107244, 0.10760343257107244]","[0.3284313725490196, 0.3284313725490196, 0.3284313725490196, 0.3284313725490196, 0.33007334963325186, 0.3276283618581907, 0.3276283618581907, 0.3276283618581907, 0.3276283618581907, 0.3276283618581907]","[0.16239780044859273, 0.162697981225762, 0.162697981225762, 0.162697981225762, 0.16412486998338488, 0.1620007398117991, 0.1620007398117991, 0.1620007398117991, 0.1620007398117991, 0.1620007398117991]","[array([[  0,   0,   0, 100],
       [  0,   0,   0,  85],
       [  0,   0,   0,  89],
       [  0,   0,   0, 134]]), array([[  0,   0,   0, 100],
       [  1,   0,   0,  84],
       [  0,   0,   0,  89],
       [  0,   0,   0, 134]]), array([[  0,   0,   0, 101],
       [  1,   0,   0,  83],
       [  0,   0,   0,  89],
       [  0,   0,   0, 134]]), array([[  0,   0,   0, 101],
       [  1,   0,   0,  83],
       [  0,   0,   0,  89],
       [  0,   0,   0, 134]]), array([[  0,   0,   0, 101],
       [  1,   0,   0,  83],
       [  0,   0,   0,  89],
       [  0,   0,   0, 135]]), array([[  0,   0,   0, 101],
       [  1,   0,   0,  83],
       [  0,   0,   0,  90],
       [  0,   0,   0, 134]]), array([[  0,   0,   0, 101],
       [  1,   0,   0,  84],
       [  0,   0,   0,  89],
       [  0,   0,   0, 134]]), array([[  0,   0,   0, 101],
       [  1,   0,   0,  84],
       [  0,   0,   0,  89],
       [  0,   0,   0, 134]]), array([[  0,   0,   0, 101],
       [  1,   0,   0,  84],
       [  0,   0,   0,  89],
       [  0,   0,   0, 134]]), array([[  0,   0,   0, 101],
       [  1,   0,   0,  84],
       [  0,   0,   0,  89],
       [  0,   0,   0, 134]])]","[0.32608695652173914, 0.32608695652173914, 0.32608695652173914, 0.32608695652173914, 0.3111111111111111, 0.3333333333333333, 0.3333333333333333, 0.3333333333333333, 0.3333333333333333, 0.3333333333333333]","[0.32608695652173914, 0.32608695652173914, 0.32608695652173914, 0.32608695652173914, 0.3111111111111111, 0.3333333333333333, 0.3333333333333333, 0.3333333333333333, 0.3333333333333333, 0.3333333333333333]","[0.32608695652173914, 0.32608695652173914, 0.32608695652173914, 0.32608695652173914, 0.3111111111111111, 0.3333333333333333, 0.3333333333333333, 0.3333333333333333, 0.3333333333333333, 0.3333333333333333]","[0.32608695652173914, 0.32608695652173914, 0.32608695652173914, 0.32608695652173914, 0.3111111111111111, 0.3333333333333333, 0.3333333333333333, 0.3333333333333333, 0.3333333333333333, 0.3333333333333333]","[0.08333333333333333, 0.08152173913043478, 0.08152173913043478, 0.08152173913043478, 0.07777777777777778, 0.08333333333333333, 0.08333333333333333, 0.08333333333333333, 0.08333333333333333, 0.08333333333333333]","[0.25, 0.25, 0.25, 0.25, 0.25, 0.25, 0.25, 0.25, 0.25, 0.25]","[0.125, 0.12295081967213115, 0.12295081967213115, 0.12295081967213115, 0.11864406779661017, 0.125, 0.125, 0.125, 0.125, 0.125]","[0.10869565217391304, 0.10633270321361059, 0.10633270321361059, 0.10633270321361059, 0.09679012345679014, 0.1111111111111111, 0.1111111111111111, 0.1111111111111111, 0.1111111111111111, 0.1111111111111111]","[0.32608695652173914, 0.32608695652173914, 0.32608695652173914, 0.32608695652173914, 0.3111111111111111, 0.3333333333333333, 0.3333333333333333, 0.3333333333333333, 0.3333333333333333, 0.3333333333333333]","[0.16304347826086957, 0.16037063435495366, 0.16037063435495366, 0.16037063435495366, 0.14764595103578154, 0.16666666666666666, 0.16666666666666666, 0.16666666666666666, 0.16666666666666666, 0.16666666666666666]","[array([[ 0,  0,  0, 12],
       [ 1,  0,  0,  8],
       [ 0,  0,  0, 10],
       [ 0,  0,  0, 15]]), array([[ 0,  0,  0, 12],
       [ 0,  0,  0,  9],
       [ 0,  0,  0, 10],
       [ 0,  0,  0, 15]]), array([[ 0,  0,  0, 11],
       [ 0,  0,  0, 10],
       [ 0,  0,  0, 10],
       [ 0,  0,  0, 15]]), array([[ 0,  0,  0, 11],
       [ 0,  0,  0, 10],
       [ 0,  0,  0, 10],
       [ 0,  0,  0, 15]]), array([[ 0,  0,  0, 11],
       [ 0,  0,  0, 10],
       [ 0,  0,  0, 10],
       [ 0,  0,  0, 14]]), array([[ 0,  0,  0, 11],
       [ 0,  0,  0, 10],
       [ 0,  0,  0,  9],
       [ 0,  0,  0, 15]]), array([[ 0,  0,  0, 11],
       [ 0,  0,  0,  9],
       [ 0,  0,  0, 10],
       [ 0,  0,  0, 15]]), array([[ 0,  0,  0, 11],
       [ 0,  0,  0,  9],
       [ 0,  0,  0, 10],
       [ 0,  0,  0, 15]]), array([[ 0,  0,  0, 11],
       [ 0,  0,  0,  9],
       [ 0,  0,  0, 10],
       [ 0,  0,  0, 15]]), array([[ 0,  0,  0, 11],
       [ 0,  0,  0,  9],
       [ 0,  0,  0, 10],
       [ 0,  0,  0, 15]])]"
0.05,"[0.6470588235294118, 0.6446078431372549, 0.6519607843137255, 0.6421568627450981, 0.6601466992665037, 0.6577017114914425, 0.6723716381418093, 0.6405867970660146, 0.6528117359413202, 0.6552567237163814]","[0.6470588235294118, 0.6446078431372549, 0.6519607843137255, 0.6421568627450981, 0.6601466992665037, 0.6577017114914425, 0.6723716381418093, 0.6405867970660146, 0.6528117359413202, 0.6552567237163814]","[0.6470588235294118, 0.6446078431372549, 0.6519607843137255, 0.6421568627450981, 0.6601466992665037, 0.6577017114914425, 0.6723716381418093, 0.6405867970660146, 0.6528117359413202, 0.6552567237163814]","[0.6470588235294118, 0.6446078431372549, 0.6519607843137255, 0.6421568627450981, 0.6601466992665037, 0.6577017114914425, 0.6723716381418093, 0.6405867970660146, 0.6528117359413202, 0.6552567237163814]","[0.7898719704592161, 0.7892653360082725, 0.7908843611648063, 0.7935398991224234, 0.794516546671719, 0.7996583082221266, 0.8008793324775353, 0.7871323064362186, 0.7918779681139756, 0.7941558441558442]","[0.589819548983437, 0.5865247703978456, 0.5941405927864294, 0.5809587725201211, 0.6027624003705881, 0.5995723293011603, 0.6185782769712391, 0.5818664134517741, 0.5963079203916288, 0.5981156854377963]","[0.5335560874353978, 0.5303537608225108, 0.5534087293110135, 0.5267894190585636, 0.5660473296976961, 0.5549141221374045, 0.5739546727397956, 0.5228388089440211, 0.5478796566187869, 0.5468711773875097]","[0.767189166445487, 0.7659021047784064, 0.7661162009544105, 0.7676967372855438, 0.7697603312854977, 0.7752192647775461, 0.7798571298542737, 0.7631717281352186, 0.7680581795954657, 0.7711745467246689]","[0.6470588235294118, 0.6446078431372549, 0.6519607843137255, 0.6421568627450981, 0.6601466992665037, 0.6577017114914425, 0.6723716381418093, 0.6405867970660146, 0.6528117359413202, 0.6552567237163814]","[0.5707215721160955, 0.5673374700258892, 0.5876068789997111, 0.5652230777162669, 0.599402815730156, 0.5903267449311609, 0.6080709758284006, 0.5610149460730831, 0.5827193198230601, 0.5829106919265902]","[array([[ 89,   0,   1,  10],
       [ 74,   2,   0,   9],
       [  0,   0,  41,  48],
       [  1,   0,   1, 132]]), array([[ 91,   0,   1,   8],
       [ 72,   3,   0,  10],
       [  0,   0,  37,  52],
       [  1,   0,   1, 132]]), array([[ 89,   0,   1,  11],
       [ 68,   7,   0,   9],
       [  0,   0,  38,  51],
       [  1,   0,   1, 132]]), array([[ 90,   0,   0,  11],
       [ 72,   3,   0,   9],
       [  0,   0,  36,  53],
       [  0,   0,   1, 133]]), array([[ 89,   0,   1,  11],
       [ 66,   8,   0,  10],
       [  0,   0,  40,  49],
       [  1,   0,   1, 133]]), array([[ 91,   0,   1,   9],
       [ 69,   6,   0,   9],
       [  0,   0,  39,  51],
       [  1,   0,   0, 133]]), array([[ 90,   0,   1,  10],
       [ 73,   5,   0,   7],
       [  0,   0,  48,  41],
       [  1,   0,   1, 132]]), array([[ 89,   0,   1,  11],
       [ 74,   1,   0,  10],
       [  0,   0,  40,  49],
       [  1,   0,   1, 132]]), array([[ 89,   0,   1,  11],
       [ 70,   4,   0,  11],
       [  0,   0,  42,  47],
       [  1,   0,   1, 132]]), array([[ 92,   0,   1,   8],
       [ 72,   4,   0,   9],
       [  0,   0,  40,  49],
       [  1,   0,   1, 132]])]","[0.6521739130434783, 0.6086956521739131, 0.6521739130434783, 0.5869565217391305, 0.6666666666666666, 0.6222222222222222, 0.6444444444444445, 0.6666666666666666, 0.6666666666666666, 0.6222222222222222]","[0.6521739130434783, 0.6086956521739131, 0.6521739130434783, 0.5869565217391305, 0.6666666666666666, 0.6222222222222222, 0.6444444444444445, 0.6666666666666666, 0.6666666666666666, 0.6222222222222222]","[0.6521739130434783, 0.6086956521739131, 0.6521739130434783, 0.5869565217391305, 0.6666666666666666, 0.6222222222222222, 0.6444444444444445, 0.6666666666666666, 0.6666666666666666, 0.6222222222222222]","[0.6521739130434783, 0.6086956521739131, 0.6521739130434783, 0.5869565217391305, 0.6666666666666666, 0.6222222222222222, 0.6444444444444445, 0.6666666666666666, 0.6666666666666666, 0.6222222222222222]","[0.5519323671497585, 0.53125, 0.5579545454545455, 0.4771739130434783, 0.5651629072681704, 0.5, 0.5125, 0.8101023017902813, 0.8151913875598086, 0.53125]","[0.5833333333333334, 0.5375, 0.6, 0.5378787878787878, 0.625, 0.5767676767676768, 0.5772727272727273, 0.6050505050505051, 0.6027777777777779, 0.5568181818181819]","[0.5307017543859649, 0.4851648351648352, 0.5229792003985553, 0.4727162734422262, 0.5506628787878788, 0.5162835249042146, 0.5108262108262108, 0.5687969924812031, 0.5514206514206514, 0.5071225071225071]","[0.5749842470069314, 0.5516304347826086, 0.5712450592885375, 0.4919659735349716, 0.5795043163464216, 0.5111111111111111, 0.5388888888888889, 0.7834043762432509, 0.7910154173312068, 0.5527777777777778]","[0.6521739130434783, 0.6086956521739131, 0.6521739130434783, 0.5869565217391305, 0.6666666666666666, 0.6222222222222222, 0.6444444444444445, 0.6666666666666666, 0.6666666666666666, 0.6222222222222222]","[0.57627765064836, 0.5315814620162446, 0.5583239019424153, 0.5046424156342881, 0.5801767676767677, 0.5443167305236271, 0.5559987337765115, 0.6047451963241438, 0.5920936320936321, 0.5494143716365939]","[array([[10,  0,  0,  2],
       [ 8,  0,  0,  1],
       [ 0,  0,  5,  5],
       [ 0,  0,  0, 15]]), array([[ 9,  0,  0,  3],
       [ 9,  0,  0,  0],
       [ 0,  0,  4,  6],
       [ 0,  0,  0, 15]]), array([[11,  0,  0,  0],
       [ 9,  0,  0,  1],
       [ 0,  0,  4,  6],
       [ 0,  0,  0, 15]]), array([[ 9,  0,  1,  1],
       [ 8,  0,  0,  2],
       [ 0,  0,  4,  6],
       [ 1,  0,  0, 14]]), array([[11,  0,  0,  0],
       [10,  0,  0,  0],
       [ 0,  0,  5,  5],
       [ 0,  0,  0, 14]]), array([[ 9,  0,  0,  2],
       [ 9,  0,  0,  1],
       [ 0,  0,  5,  4],
       [ 0,  0,  1, 14]]), array([[10,  0,  1,  0],
       [ 6,  0,  0,  3],
       [ 0,  0,  4,  6],
       [ 0,  0,  0, 15]]), array([[10,  0,  0,  1],
       [ 7,  1,  0,  1],
       [ 0,  0,  4,  6],
       [ 0,  0,  0, 15]]), array([[11,  0,  0,  0],
       [ 8,  1,  0,  0],
       [ 0,  0,  3,  7],
       [ 0,  0,  0, 15]]), array([[ 8,  0,  0,  3],
       [ 8,  0,  0,  1],
       [ 0,  0,  5,  5],
       [ 0,  0,  0, 15]])]"
0.1,"[0.7647058823529411, 0.7573529411764706, 0.7598039215686274, 0.7549019607843137, 0.7603911980440098, 0.7652811735941321, 0.7603911980440098, 0.7628361858190709, 0.7457212713936431, 0.7677261613691931]","[0.7647058823529411, 0.7573529411764706, 0.7598039215686274, 0.7549019607843137, 0.7603911980440098, 0.7652811735941321, 0.7603911980440098, 0.7628361858190709, 0.7457212713936431, 0.7677261613691931]","[0.7647058823529411, 0.7573529411764706, 0.7598039215686274, 0.7549019607843137, 0.7603911980440098, 0.7652811735941321, 0.7603911980440098, 0.7628361858190709, 0.7457212713936431, 0.7677261613691931]","[0.7647058823529412, 0.7573529411764706, 0.7598039215686274, 0.7549019607843137, 0.7603911980440098, 0.7652811735941322, 0.7603911980440098, 0.7628361858190709, 0.745721271393643, 0.7677261613691931]","[0.817993259009593, 0.8081694436027609, 0.8149304549405969, 0.8209639625080802, 0.8281224580618012, 0.8197323247375162, 0.8103517111257049, 0.8225416153835096, 0.8038714156730916, 0.825729271568533]","[0.732300682640992, 0.7236093409357706, 0.724855387691329, 0.7162402570843318, 0.7242708239523792, 0.7311826065335745, 0.7291258528739302, 0.7286275020947952, 0.7115995225263616, 0.7326461392526287]","[0.7369126411639234, 0.726338911416009, 0.7280404969813011, 0.7197231490455158, 0.7279082534955492, 0.7392223017290568, 0.7334716898829373, 0.7359762458660385, 0.7155730501403312, 0.7364098447131078]","[0.8040340455601478, 0.7951399049385398, 0.8005442440667951, 0.8040809932570313, 0.8102255510122796, 0.8043884050811214, 0.7974023607381415, 0.806293931762391, 0.7883253760410198, 0.8108754276297949]","[0.7647058823529411, 0.7573529411764706, 0.7598039215686274, 0.7549019607843137, 0.7603911980440098, 0.7652811735941321, 0.7603911980440098, 0.7628361858190709, 0.7457212713936431, 0.7677261613691931]","[0.7499860512755677, 0.740647679463215, 0.7429616685795236, 0.7356278405193749, 0.7425690707283362, 0.7518675924052387, 0.7465313619823336, 0.7486355454242485, 0.7291661606581684, 0.7508257942082223]","[array([[ 91,   2,   1,   6],
       [ 41,  36,   0,   8],
       [  0,   0,  57,  32],
       [  1,   0,   5, 128]]), array([[ 91,   3,   1,   5],
       [ 42,  34,   0,   9],
       [  0,   0,  56,  33],
       [  1,   0,   5, 128]]), array([[ 92,   2,   1,   6],
       [ 43,  33,   0,   8],
       [  0,   0,  57,  32],
       [  1,   0,   5, 128]]), array([[ 92,   2,   0,   7],
       [ 44,  32,   0,   8],
       [  0,   0,  53,  36],
       [  0,   0,   3, 131]]), array([[ 94,   0,   1,   6],
       [ 42,  33,   0,   9],
       [  0,   0,  55,  34],
       [  1,   0,   5, 129]]), array([[ 90,   3,   1,   7],
       [ 38,  38,   0,   8],
       [  0,   0,  55,  35],
       [  1,   0,   3, 130]]), array([[ 91,   2,   1,   7],
       [ 43,  36,   0,   6],
       [  0,   0,  58,  31],
       [  1,   0,   7, 126]]), array([[ 90,   2,   1,   8],
       [ 40,  37,   0,   8],
       [  0,   0,  55,  34],
       [  1,   0,   3, 130]]), array([[ 89,   2,   1,   9],
       [ 42,  33,   0,  10],
       [  0,   0,  56,  33],
       [  1,   0,   6, 127]]), array([[ 94,   2,   1,   4],
       [ 42,  35,   0,   8],
       [  0,   0,  55,  34],
       [  1,   0,   3, 130]])]","[0.7391304347826086, 0.782608695652174, 0.7391304347826086, 0.6956521739130435, 0.7555555555555555, 0.7111111111111111, 0.6888888888888889, 0.7333333333333333, 0.8, 0.7111111111111111]","[0.7391304347826086, 0.782608695652174, 0.7391304347826086, 0.6956521739130435, 0.7555555555555555, 0.7111111111111111, 0.6888888888888889, 0.7333333333333333, 0.8, 0.7111111111111111]","[0.7391304347826086, 0.782608695652174, 0.7391304347826086, 0.6956521739130435, 0.7555555555555555, 0.7111111111111111, 0.6888888888888889, 0.7333333333333333, 0.8, 0.7111111111111111]","[0.7391304347826085, 0.782608695652174, 0.7391304347826085, 0.6956521739130435, 0.7555555555555555, 0.7111111111111111, 0.6888888888888889, 0.7333333333333333, 0.8000000000000002, 0.7111111111111111]","[0.796875, 0.859375, 0.8403361344537815, 0.7799107142857142, 0.7725490196078431, 0.7955550641309156, 0.7662337662337663, 0.8035714285714286, 0.8692434210526316, 0.7892628205128205]","[0.7041666666666666, 0.7402777777777778, 0.7, 0.6628787878787878, 0.7295454545454545, 0.6772727272727272, 0.6411616161616162, 0.6967171717171716, 0.7611111111111111, 0.6734848484848485]","[0.7026087947140577, 0.7520604395604396, 0.6868131868131868, 0.6585218702865762, 0.7297657276310028, 0.6552871148459384, 0.6271571036276918, 0.7045405982905982, 0.7656380928439751, 0.6805555555555556]","[0.7795893719806763, 0.8369565217391305, 0.8224333211545488, 0.7664984472049688, 0.7732461873638344, 0.7830556784117155, 0.7454545454545455, 0.782010582010582, 0.8534356725146199, 0.7670940170940171]","[0.7391304347826086, 0.782608695652174, 0.7391304347826086, 0.6956521739130435, 0.7555555555555555, 0.7111111111111111, 0.6888888888888889, 0.7333333333333333, 0.8, 0.7111111111111111]","[0.7198950934648873, 0.7679168657429527, 0.7048893135849658, 0.6740769886549938, 0.7443520005189833, 0.6731870525988173, 0.6512540347834466, 0.7167806267806267, 0.7830381915349234, 0.6950617283950618]","[array([[11,  0,  0,  1],
       [ 5,  3,  0,  1],
       [ 0,  0,  7,  3],
       [ 0,  0,  2, 13]]), array([[11,  0,  0,  1],
       [ 5,  4,  0,  0],
       [ 0,  0,  6,  4],
       [ 0,  0,  0, 15]]), array([[11,  0,  0,  0],
       [ 6,  3,  0,  1],
       [ 0,  0,  5,  5],
       [ 0,  0,  0, 15]]), array([[ 9,  0,  1,  1],
       [ 6,  3,  0,  1],
       [ 0,  0,  6,  4],
       [ 1,  0,  0, 14]]), array([[ 9,  2,  0,  0],
       [ 6,  4,  0,  0],
       [ 0,  0,  7,  3],
       [ 0,  0,  0, 14]]), array([[10,  0,  0,  1],
       [ 7,  2,  0,  1],
       [ 0,  0,  6,  3],
       [ 0,  0,  1, 14]]), array([[10,  0,  1,  0],
       [ 4,  2,  0,  3],
       [ 0,  0,  5,  5],
       [ 0,  0,  1, 14]]), array([[10,  0,  0,  1],
       [ 4,  4,  0,  1],
       [ 0,  0,  5,  5],
       [ 0,  0,  1, 14]]), array([[11,  0,  0,  0],
       [ 5,  4,  0,  0],
       [ 0,  0,  6,  4],
       [ 0,  0,  0, 15]]), array([[ 8,  0,  0,  3],
       [ 5,  3,  0,  1],
       [ 0,  0,  7,  3],
       [ 0,  0,  1, 14]])]"
0.5,"[0.8553921568627451, 0.8529411764705882, 0.8578431372549019, 0.8553921568627451, 0.8655256723716381, 0.843520782396088, 0.8655256723716381, 0.8386308068459658, 0.8557457212713936, 0.8655256723716381]","[0.8553921568627451, 0.8529411764705882, 0.8578431372549019, 0.8553921568627451, 0.8655256723716381, 0.843520782396088, 0.8655256723716381, 0.8386308068459658, 0.8557457212713936, 0.8655256723716381]","[0.8553921568627451, 0.8529411764705882, 0.8578431372549019, 0.8553921568627451, 0.8655256723716381, 0.843520782396088, 0.8655256723716381, 0.8386308068459658, 0.8557457212713936, 0.8655256723716381]","[0.8553921568627451, 0.8529411764705882, 0.8578431372549019, 0.8553921568627451, 0.8655256723716381, 0.8435207823960881, 0.8655256723716381, 0.8386308068459658, 0.8557457212713936, 0.8655256723716381]","[0.8610377889467743, 0.8599927295955981, 0.8638006699161883, 0.8621897791543631, 0.8704177298409315, 0.8521604095586608, 0.8740555258217159, 0.8463624338624338, 0.864448914015124, 0.8694831972675603]","[0.8468569906580777, 0.8422832960116798, 0.8508887076149219, 0.8459172499627001, 0.8576086969317585, 0.8340487566880355, 0.8575239969913476, 0.8291857812558145, 0.8458057384740357, 0.8591347965921865]","[0.8525842727128603, 0.8485578838218784, 0.855611883603761, 0.8520552885210029, 0.8624560217616396, 0.8405846491921919, 0.8632032336757626, 0.834985066704226, 0.8526801866218311, 0.8631004140786749]","[0.8572034032873594, 0.8555956900701895, 0.859821480751074, 0.8576313922263294, 0.8669435551120309, 0.8465744121614813, 0.8687074570081186, 0.841674105121538, 0.8589562086037507, 0.8666646025952609]","[0.8553921568627451, 0.8529411764705882, 0.8578431372549019, 0.8553921568627451, 0.8655256723716381, 0.843520782396088, 0.8655256723716381, 0.8386308068459658, 0.8557457212713936, 0.8655256723716381]","[0.8548487570821948, 0.8517738374004187, 0.8572600257125899, 0.8545734632788353, 0.8647893522554014, 0.842644548206752, 0.864726964068491, 0.837571419590679, 0.8549552186261946, 0.8649799288270639]","[array([[ 86,  10,   0,   4],
       [ 12,  69,   0,   4],
       [  0,   0,  71,  18],
       [  1,   0,  10, 123]]), array([[ 90,   8,   0,   2],
       [ 15,  65,   0,   5],
       [  0,   0,  70,  19],
       [  1,   0,  10, 123]]), array([[ 93,   6,   0,   2],
       [ 13,  66,   0,   5],
       [  0,   0,  72,  17],
       [  1,   0,  14, 119]]), array([[ 91,   7,   0,   3],
       [ 14,  66,   0,   4],
       [  0,   0,  70,  19],
       [  0,   0,  12, 122]]), array([[ 93,   6,   0,   2],
       [ 13,  66,   0,   5],
       [  0,   0,  73,  16],
       [  0,   1,  12, 122]]), array([[ 91,   6,   0,   4],
       [ 15,  64,   0,   5],
       [  0,   0,  70,  20],
       [  0,   1,  13, 120]]), array([[ 95,   4,   0,   2],
       [ 14,  68,   0,   3],
       [  0,   0,  70,  19],
       [  1,   0,  12, 121]]), array([[ 91,   7,   0,   3],
       [ 16,  63,   0,   6],
       [  0,   0,  70,  19],
       [  1,   0,  14, 119]]), array([[ 90,   7,   0,   4],
       [ 14,  66,   0,   5],
       [  0,   0,  71,  18],
       [  1,   0,  10, 123]]), array([[ 93,   7,   0,   1],
       [ 12,  68,   0,   5],
       [  0,   0,  73,  16],
       [  1,   0,  13, 120]])]","[0.782608695652174, 0.8043478260869565, 0.782608695652174, 0.782608695652174, 0.7777777777777778, 0.9111111111111111, 0.7777777777777778, 0.8666666666666667, 0.7777777777777778, 0.8]","[0.782608695652174, 0.8043478260869565, 0.782608695652174, 0.782608695652174, 0.7777777777777778, 0.9111111111111111, 0.7777777777777778, 0.8666666666666667, 0.7777777777777778, 0.8]","[0.782608695652174, 0.8043478260869565, 0.782608695652174, 0.782608695652174, 0.7777777777777778, 0.9111111111111111, 0.7777777777777778, 0.8666666666666667, 0.7777777777777778, 0.8]","[0.782608695652174, 0.8043478260869565, 0.782608695652174, 0.782608695652174, 0.7777777777777778, 0.9111111111111111, 0.7777777777777778, 0.8666666666666667, 0.7777777777777778, 0.8000000000000002]","[0.8104395604395604, 0.8127042483660131, 0.8025366446419078, 0.7881944444444444, 0.7763888888888888, 0.9201388888888888, 0.7798611111111111, 0.8861708144796381, 0.7837301587301587, 0.8275401069518716]","[0.7833333333333333, 0.7944444444444444, 0.7651515151515151, 0.7628787878787879, 0.7688311688311688, 0.9055555555555557, 0.759090909090909, 0.8527777777777779, 0.7545454545454546, 0.7901515151515152]","[0.7832537028189202, 0.8015512125902993, 0.772829131652661, 0.7688844971453667, 0.7709697782687603, 0.9093813308399564, 0.7629984051036683, 0.8611111111111112, 0.7607145625048439, 0.7992288961038961]","[0.8038700430004778, 0.8070296959363455, 0.7972731565408911, 0.786231884057971, 0.7779012345679013, 0.9157407407407406, 0.7842592592592592, 0.8757918552036199, 0.783068783068783, 0.8144979203802732]","[0.782608695652174, 0.8043478260869565, 0.782608695652174, 0.782608695652174, 0.7777777777777778, 0.9111111111111111, 0.7777777777777778, 0.8666666666666667, 0.7777777777777778, 0.8]","[0.7814724028334613, 0.8036453425763898, 0.7789307027158688, 0.7778350613889365, 0.7762609923108619, 0.910200335913286, 0.7740563530037214, 0.8635802469135802, 0.7721718463406444, 0.7990873015873016]","[array([[12,  0,  0,  0],
       [ 2,  6,  0,  1],
       [ 0,  0,  8,  2],
       [ 0,  0,  5, 10]]), array([[10,  1,  0,  1],
       [ 2,  7,  0,  0],
       [ 0,  0,  7,  3],
       [ 0,  0,  2, 13]]), array([[ 8,  3,  0,  0],
       [ 1,  8,  0,  1],
       [ 0,  0,  6,  4],
       [ 0,  0,  1, 14]]), array([[ 9,  1,  1,  0],
       [ 3,  6,  0,  1],
       [ 0,  0,  7,  3],
       [ 0,  1,  0, 14]]), array([[ 9,  2,  0,  0],
       [ 3,  7,  0,  0],
       [ 0,  0,  7,  3],
       [ 0,  0,  2, 12]]), array([[11,  0,  0,  0],
       [ 1,  8,  0,  1],
       [ 0,  0,  8,  1],
       [ 0,  0,  1, 14]]), array([[ 7,  3,  1,  0],
       [ 1,  6,  0,  2],
       [ 0,  0,  8,  2],
       [ 0,  0,  1, 14]]), array([[11,  0,  0,  0],
       [ 2,  7,  0,  0],
       [ 0,  0,  7,  3],
       [ 0,  0,  1, 14]]), array([[ 9,  2,  0,  0],
       [ 3,  6,  0,  0],
       [ 0,  0,  6,  4],
       [ 0,  0,  1, 14]]), array([[ 8,  0,  0,  3],
       [ 3,  6,  0,  0],
       [ 0,  0,  9,  1],
       [ 0,  0,  2, 13]])]"
1,"[0.8700980392156863, 0.8725490196078431, 0.8676470588235294, 0.8627450980392157, 0.8728606356968215, 0.8606356968215159, 0.8704156479217604, 0.8459657701711492, 0.8753056234718827, 0.8728606356968215]","[0.8700980392156863, 0.8725490196078431, 0.8676470588235294, 0.8627450980392157, 0.8728606356968215, 0.8606356968215159, 0.8704156479217604, 0.8459657701711492, 0.8753056234718827, 0.8728606356968215]","[0.8700980392156863, 0.8725490196078431, 0.8676470588235294, 0.8627450980392157, 0.8728606356968215, 0.8606356968215159, 0.8704156479217604, 0.8459657701711492, 0.8753056234718827, 0.8728606356968215]","[0.8700980392156863, 0.8725490196078431, 0.8676470588235294, 0.8627450980392157, 0.8728606356968215, 0.8606356968215159, 0.8704156479217604, 0.8459657701711492, 0.8753056234718827, 0.8728606356968215]","[0.8718803483338368, 0.8774689761024146, 0.8691276974330471, 0.8671357824326806, 0.8758573933868959, 0.8638229458450046, 0.8765930673355622, 0.8489123683164381, 0.8803507392286283, 0.8756306911479326]","[0.8640526136666304, 0.8671869420248395, 0.8614071160416155, 0.855396828493611, 0.8679505992332781, 0.8526753901402934, 0.8638837381089421, 0.8382108642003283, 0.8676729879881478, 0.867826138297408]","[0.8671456736117588, 0.871184753545687, 0.8647673862455276, 0.8596704718070367, 0.8708036713724117, 0.8570454685371114, 0.868153655039916, 0.8423802578146542, 0.8726532794779833, 0.870982912972909]","[0.8706646541632862, 0.8739305464903986, 0.8678757952305054, 0.8641762522271393, 0.8739973685616971, 0.8613852761968683, 0.8727690972431683, 0.8467438920259185, 0.8767097052315358, 0.8735651892721279]","[0.8700980392156863, 0.8725490196078431, 0.8676470588235294, 0.8627450980392157, 0.8728606356968215, 0.8606356968215159, 0.8704156479217604, 0.8459657701711492, 0.8753056234718827, 0.8728606356968215]","[0.8696245872655896, 0.8721853402195568, 0.8672529487692098, 0.8620094735185114, 0.8724704992403367, 0.8598597496081083, 0.8697058242277831, 0.8452301638239258, 0.8746903835617114, 0.8725284517001712]","[array([[ 91,   8,   0,   1],
       [ 13,  69,   0,   3],
       [  0,   0,  74,  15],
       [  1,   0,  12, 121]]), array([[ 93,   6,   0,   1],
       [ 10,  69,   0,   6],
       [  0,   0,  74,  15],
       [  1,   0,  13, 120]]), array([[ 91,   9,   0,   1],
       [ 11,  69,   0,   4],
       [  0,   0,  73,  16],
       [  0,   1,  12, 121]]), array([[ 94,   6,   0,   1],
       [ 14,  67,   0,   3],
       [  0,   0,  71,  18],
       [  0,   0,  14, 120]]), array([[ 94,   6,   0,   1],
       [ 12,  68,   0,   4],
       [  0,   0,  75,  14],
       [  1,   0,  14, 120]]), array([[ 92,   8,   0,   1],
       [ 13,  66,   0,   5],
       [  0,   0,  73,  17],
       [  0,   1,  12, 121]]), array([[ 96,   4,   0,   1],
       [ 14,  69,   0,   2],
       [  0,   0,  71,  18],
       [  1,   0,  13, 120]]), array([[ 90,   9,   0,   2],
       [ 14,  65,   0,   6],
       [  0,   0,  72,  17],
       [  0,   1,  14, 119]]), array([[ 93,   7,   0,   1],
       [ 11,  69,   0,   5],
       [  0,   0,  73,  16],
       [  1,   0,  10, 123]]), array([[ 93,   7,   0,   1],
       [ 11,  70,   0,   4],
       [  0,   0,  74,  15],
       [  1,   0,  13, 120]])]","[0.782608695652174, 0.8043478260869565, 0.782608695652174, 0.782608695652174, 0.8, 0.9111111111111111, 0.7777777777777778, 0.8666666666666667, 0.8666666666666667, 0.8222222222222222]","[0.782608695652174, 0.8043478260869565, 0.782608695652174, 0.782608695652174, 0.8, 0.9111111111111111, 0.7777777777777778, 0.8666666666666667, 0.8666666666666667, 0.8222222222222222]","[0.782608695652174, 0.8043478260869565, 0.782608695652174, 0.782608695652174, 0.8, 0.9111111111111111, 0.7777777777777778, 0.8666666666666667, 0.8666666666666667, 0.8222222222222222]","[0.782608695652174, 0.8043478260869565, 0.782608695652174, 0.782608695652174, 0.8000000000000002, 0.9111111111111111, 0.7777777777777778, 0.8666666666666667, 0.8666666666666667, 0.8222222222222222]","[0.7948717948717949, 0.8127042483660131, 0.798611111111111, 0.798611111111111, 0.7989898989898989, 0.9201388888888888, 0.7850041771094404, 0.8861708144796381, 0.8861708144796381, 0.8457219251336898]","[0.7875, 0.7944444444444444, 0.7674242424242426, 0.7628787878787879, 0.7938311688311689, 0.9055555555555557, 0.7540404040404041, 0.8527777777777779, 0.8527777777777779, 0.817929292929293]","[0.7801851851851852, 0.8015512125902993, 0.7725943646996278, 0.7715504758175373, 0.795652532585382, 0.9093813308399564, 0.7621323529411765, 0.8611111111111112, 0.8611111111111112, 0.8266369047619049]","[0.7999283325370282, 0.8070296959363455, 0.7980072463768115, 0.7952898550724636, 0.7995061728395062, 0.9157407407407406, 0.7835329063399238, 0.8757918552036199, 0.8757918552036199, 0.8322756981580511]","[0.782608695652174, 0.8043478260869565, 0.782608695652174, 0.782608695652174, 0.8, 0.9111111111111111, 0.7777777777777778, 0.8666666666666667, 0.8666666666666667, 0.8222222222222222]","[0.7808937198067633, 0.8036453425763898, 0.7800661072972285, 0.7801533037125633, 0.7989917322040735, 0.910200335913286, 0.7728431372549021, 0.8635802469135802, 0.8635802469135802, 0.8225529100529101]","[array([[11,  1,  0,  0],
       [ 2,  6,  0,  1],
       [ 0,  0,  9,  1],
       [ 0,  0,  5, 10]]), array([[10,  1,  0,  1],
       [ 2,  7,  0,  0],
       [ 0,  0,  7,  3],
       [ 0,  0,  2, 13]]), array([[ 7,  4,  0,  0],
       [ 1,  8,  0,  1],
       [ 0,  0,  7,  3],
       [ 0,  0,  1, 14]]), array([[ 9,  2,  0,  0],
       [ 3,  6,  0,  1],
       [ 0,  0,  7,  3],
       [ 0,  1,  0, 14]]), array([[ 9,  2,  0,  0],
       [ 2,  8,  0,  0],
       [ 0,  0,  7,  3],
       [ 0,  0,  2, 12]]), array([[11,  0,  0,  0],
       [ 1,  8,  0,  1],
       [ 0,  0,  8,  1],
       [ 0,  0,  1, 14]]), array([[ 8,  2,  1,  0],
       [ 1,  5,  0,  3],
       [ 0,  0,  8,  2],
       [ 0,  0,  1, 14]]), array([[11,  0,  0,  0],
       [ 2,  7,  0,  0],
       [ 0,  0,  7,  3],
       [ 0,  0,  1, 14]]), array([[11,  0,  0,  0],
       [ 2,  7,  0,  0],
       [ 0,  0,  7,  3],
       [ 0,  0,  1, 14]]), array([[ 8,  0,  0,  3],
       [ 2,  7,  0,  0],
       [ 0,  0,  9,  1],
       [ 0,  0,  2, 13]])]"
5,"[0.8995098039215687, 0.9044117647058824, 0.9093137254901961, 0.8995098039215687, 0.9095354523227384, 0.8899755501222494, 0.9046454767726161, 0.8948655256723717, 0.9070904645476773, 0.902200488997555]","[0.8995098039215687, 0.9044117647058824, 0.9093137254901961, 0.8995098039215687, 0.9095354523227384, 0.8899755501222494, 0.9046454767726161, 0.8948655256723717, 0.9070904645476773, 0.902200488997555]","[0.8995098039215687, 0.9044117647058824, 0.9093137254901961, 0.8995098039215687, 0.9095354523227384, 0.8899755501222494, 0.9046454767726161, 0.8948655256723717, 0.9070904645476773, 0.902200488997555]","[0.8995098039215687, 0.9044117647058824, 0.9093137254901961, 0.8995098039215687, 0.9095354523227384, 0.8899755501222494, 0.9046454767726161, 0.8948655256723717, 0.9070904645476773, 0.902200488997555]","[0.8993514753427262, 0.901919169129314, 0.9086419648072335, 0.8998217242536282, 0.9111890144017856, 0.891203985536655, 0.9058787050039585, 0.895236530959102, 0.9058616628469569, 0.903720238095238]","[0.895343441418157, 0.902980240897298, 0.9088281703460828, 0.897091272338465, 0.9067150635609307, 0.8855922532551763, 0.9005746390256905, 0.8910816712768928, 0.9023660295565618, 0.8965464984957227]","[0.8968972486335033, 0.9020713834992309, 0.9086383647470635, 0.8981073377258214, 0.9083233905792838, 0.8875729447270906, 0.9025115744138185, 0.8928520557451285, 0.9038073400340967, 0.8995500144557392]","[0.8996806472086792, 0.9049277460065327, 0.9096332036191157, 0.8998903000416789, 0.9101139969898631, 0.8905426787409029, 0.9051969105803471, 0.8948166738182366, 0.9070657780782906, 0.902469728722785]","[0.8995098039215687, 0.9044117647058824, 0.9093137254901961, 0.8995098039215687, 0.9095354523227384, 0.8899755501222494, 0.9046454767726161, 0.8948655256723717, 0.9070904645476773, 0.902200488997555]","[0.899193701641237, 0.9043067282221036, 0.9093892919794164, 0.8993899462514622, 0.9092741208503907, 0.889531932265732, 0.9042788615801737, 0.8945565601861246, 0.9068034888473732, 0.9017769352872413]","[array([[ 94,   6,   0,   0],
       [ 11,  72,   0,   2],
       [  0,   0,  78,  11],
       [  0,   1,  10, 123]]), array([[ 94,   6,   0,   0],
       [ 11,  73,   0,   1],
       [  0,   0,  81,   8],
       [  0,   2,  11, 121]]), array([[ 95,   6,   0,   0],
       [  6,  75,   0,   3],
       [  0,   0,  80,   9],
       [  0,   1,  12, 121]]), array([[ 96,   5,   0,   0],
       [ 10,  74,   0,   0],
       [  0,   0,  76,  13],
       [  0,   0,  13, 121]]), array([[ 98,   3,   0,   0],
       [  9,  73,   0,   2],
       [  0,   0,  78,  11],
       [  0,   1,  11, 123]]), array([[ 96,   5,   0,   0],
       [ 12,  70,   0,   2],
       [  0,   0,  77,  13],
       [  0,   1,  12, 121]]), array([[ 97,   4,   0,   0],
       [ 11,  73,   0,   1],
       [  0,   0,  77,  12],
       [  0,   1,  10, 123]]), array([[ 95,   6,   0,   0],
       [ 10,  74,   0,   1],
       [  0,   0,  75,  14],
       [  0,   1,  11, 122]]), array([[ 94,   7,   0,   0],
       [ 11,  72,   0,   2],
       [  0,   0,  80,   9],
       [  0,   1,   8, 125]]), array([[ 95,   6,   0,   0],
       [ 10,  73,   0,   2],
       [  0,   0,  76,  13],
       [  0,   1,   8, 125]])]","[0.8043478260869565, 0.8478260869565217, 0.782608695652174, 0.8695652173913043, 0.7777777777777778, 0.9111111111111111, 0.8, 0.8222222222222222, 0.7555555555555555, 0.8666666666666667]","[0.8043478260869565, 0.8478260869565217, 0.782608695652174, 0.8695652173913043, 0.7777777777777778, 0.9111111111111111, 0.8, 0.8222222222222222, 0.7555555555555555, 0.8666666666666667]","[0.8043478260869565, 0.8478260869565217, 0.782608695652174, 0.8695652173913043, 0.7777777777777778, 0.9111111111111111, 0.8, 0.8222222222222222, 0.7555555555555555, 0.8666666666666667]","[0.8043478260869565, 0.8478260869565218, 0.782608695652174, 0.8695652173913043, 0.7777777777777778, 0.9111111111111111, 0.8000000000000002, 0.8222222222222222, 0.7555555555555555, 0.8666666666666667]","[0.8269230769230769, 0.8474358974358975, 0.8253472222222222, 0.8628787878787878, 0.7823863636363637, 0.9085317460317461, 0.7992933537051184, 0.8246527777777778, 0.7888528138528138, 0.8822916666666667]","[0.811111111111111, 0.8472222222222221, 0.778030303030303, 0.8628787878787878, 0.7711038961038962, 0.9138888888888889, 0.7851010101010101, 0.8133838383838384, 0.7472222222222222, 0.861111111111111]","[0.8112344720496896, 0.8464327485380118, 0.7766743233796065, 0.8628787878787878, 0.7736353684629547, 0.9104905880393137, 0.7879464285714286, 0.8171616029596307, 0.7464317291903497, 0.8675578541374476]","[0.8210702341137123, 0.8446674098848012, 0.8277475845410628, 0.8695652173913043, 0.7827272727272728, 0.9113756613756613, 0.7995772854596384, 0.8223765432098765, 0.7825781625781626, 0.8726851851851851]","[0.8043478260869565, 0.8478260869565217, 0.782608695652174, 0.8695652173913043, 0.7777777777777778, 0.9111111111111111, 0.8, 0.8222222222222222, 0.7555555555555555, 0.8666666666666667]","[0.8057784229003511, 0.8454004576659039, 0.7818783407657002, 0.8695652173913043, 0.7774007176306027, 0.9104447776111945, 0.7958333333333333, 0.8205788513579689, 0.7507164610612886, 0.8661640953716693]","[array([[12,  0,  0,  0],
       [ 1,  7,  0,  1],
       [ 0,  0,  8,  2],
       [ 0,  0,  5, 10]]), array([[12,  0,  0,  0],
       [ 1,  8,  0,  0],
       [ 0,  0,  7,  3],
       [ 0,  1,  2, 12]]), array([[ 6,  5,  0,  0],
       [ 0,  9,  0,  1],
       [ 0,  0,  8,  2],
       [ 0,  1,  1, 13]]), array([[ 9,  2,  0,  0],
       [ 2,  7,  0,  1],
       [ 0,  0, 10,  0],
       [ 0,  1,  0, 14]]), array([[ 8,  3,  0,  0],
       [ 2,  8,  0,  0],
       [ 0,  0,  7,  3],
       [ 1,  0,  1, 12]]), array([[11,  0,  0,  0],
       [ 1,  9,  0,  0],
       [ 0,  0,  8,  1],
       [ 0,  1,  1, 13]]), array([[ 9,  2,  0,  0],
       [ 1,  5,  0,  3],
       [ 0,  0,  9,  1],
       [ 0,  0,  2, 13]]), array([[10,  1,  0,  0],
       [ 2,  7,  0,  0],
       [ 0,  0,  7,  3],
       [ 0,  0,  2, 13]]), array([[11,  0,  0,  0],
       [ 4,  5,  0,  0],
       [ 0,  0,  7,  3],
       [ 0,  0,  4, 11]]), array([[11,  0,  0,  0],
       [ 1,  7,  0,  1],
       [ 0,  0,  8,  2],
       [ 0,  0,  2, 13]])]"
10,"[0.9142156862745098, 0.9191176470588235, 0.9191176470588235, 0.9191176470588235, 0.9242053789731052, 0.9046454767726161, 0.9242053789731052, 0.9095354523227384, 0.9168704156479217, 0.9144254278728606]","[0.9142156862745098, 0.9191176470588235, 0.9191176470588235, 0.9191176470588235, 0.9242053789731052, 0.9046454767726161, 0.9242053789731052, 0.9095354523227384, 0.9168704156479217, 0.9144254278728606]","[0.9142156862745098, 0.9191176470588235, 0.9191176470588235, 0.9191176470588235, 0.9242053789731052, 0.9046454767726161, 0.9242053789731052, 0.9095354523227384, 0.9168704156479217, 0.9144254278728606]","[0.9142156862745098, 0.9191176470588235, 0.9191176470588235, 0.9191176470588235, 0.9242053789731052, 0.9046454767726161, 0.9242053789731052, 0.9095354523227384, 0.9168704156479217, 0.9144254278728606]","[0.9136775656448645, 0.9179295728637833, 0.917346007882061, 0.9200326998567477, 0.9254047543547352, 0.905483599487048, 0.9260019664431429, 0.9105088069978153, 0.9146024318818438, 0.914163708008839]","[0.9124171360645549, 0.9169596087638476, 0.9205657305386992, 0.915623374434662, 0.9213209810815218, 0.8999194269107081, 0.9200150442385391, 0.9053700279074873, 0.9133889718494099, 0.9097803129002366]","[0.9129227822627409, 0.9172134727806721, 0.918781777923569, 0.9174332571738547, 0.9224382763894534, 0.9021127238651787, 0.9221668563922505, 0.9076245215738585, 0.913971833349585, 0.9116607009744377]","[0.9142487684157252, 0.9193190891591305, 0.9197832325894888, 0.9194270389683407, 0.9253080471915397, 0.9049623732851555, 0.9251653045698781, 0.9095698575871435, 0.9167926984085477, 0.9145035775904738]","[0.9142156862745098, 0.9191176470588235, 0.9191176470588235, 0.9191176470588235, 0.9242053789731052, 0.9046454767726161, 0.9242053789731052, 0.9095354523227384, 0.9168704156479217, 0.9144254278728606]","[0.9141209033685743, 0.9190107581539178, 0.919275029185038, 0.9189168040154121, 0.9239382432199533, 0.9042708461339946, 0.9239380645592499, 0.9092433835165588, 0.9168090086432422, 0.914175853549858]","[array([[ 95,   5,   0,   0],
       [  8,  76,   0,   1],
       [  0,   0,  79,  10],
       [  0,   1,  10, 123]]), array([[ 95,   5,   0,   0],
       [  9,  75,   0,   1],
       [  0,   0,  81,   8],
       [  0,   1,   9, 124]]), array([[ 95,   6,   0,   0],
       [  5,  78,   0,   1],
       [  0,   0,  81,   8],
       [  0,   1,  12, 121]]), array([[ 97,   4,   0,   0],
       [  9,  75,   0,   0],
       [  0,   0,  78,  11],
       [  0,   0,   9, 125]]), array([[ 99,   2,   0,   0],
       [ 10,  73,   0,   1],
       [  0,   0,  81,   8],
       [  0,   1,   9, 125]]), array([[ 96,   5,   0,   0],
       [ 11,  72,   0,   1],
       [  0,   0,  78,  12],
       [  0,   1,   9, 124]]), array([[ 98,   3,   0,   0],
       [ 10,  74,   0,   1],
       [  0,   0,  80,   9],
       [  0,   0,   8, 126]]), array([[ 95,   6,   0,   0],
       [  8,  76,   0,   1],
       [  0,   0,  76,  13],
       [  0,   1,   8, 125]]), array([[ 93,   8,   0,   0],
       [  9,  75,   0,   1],
       [  0,   0,  81,   8],
       [  0,   1,   7, 126]]), array([[ 95,   6,   0,   0],
       [ 10,  74,   0,   1],
       [  0,   0,  79,  10],
       [  0,   1,   7, 126]])]","[0.782608695652174, 0.8043478260869565, 0.782608695652174, 0.8260869565217391, 0.7777777777777778, 0.9111111111111111, 0.7777777777777778, 0.8888888888888888, 0.7333333333333333, 0.8444444444444444]","[0.782608695652174, 0.8043478260869565, 0.782608695652174, 0.8260869565217391, 0.7777777777777778, 0.9111111111111111, 0.7777777777777778, 0.8888888888888888, 0.7333333333333333, 0.8444444444444444]","[0.782608695652174, 0.8043478260869565, 0.782608695652174, 0.8260869565217391, 0.7777777777777778, 0.9111111111111111, 0.7777777777777778, 0.8888888888888888, 0.7333333333333333, 0.8444444444444444]","[0.782608695652174, 0.8043478260869565, 0.782608695652174, 0.8260869565217391, 0.7777777777777778, 0.9111111111111111, 0.7777777777777778, 0.8888888888888888, 0.7333333333333333, 0.8444444444444444]","[0.8104395604395604, 0.812232905982906, 0.8003472222222222, 0.8216783216783217, 0.7823863636363637, 0.9085317460317461, 0.7751623376623377, 0.897671568627451, 0.7666666666666667, 0.8415584415584415]","[0.7833333333333333, 0.7986111111111112, 0.778030303030303, 0.8295454545454546, 0.7711038961038962, 0.9138888888888889, 0.7684343434343435, 0.8717171717171717, 0.7222222222222222, 0.8494949494949495]","[0.7832537028189202, 0.8036412663537402, 0.774370401810979, 0.8235930735930735, 0.7736353684629547, 0.9104905880393137, 0.7686295559279431, 0.8798708795112248, 0.7234432234432234, 0.844695594786339]","[0.8038700430004778, 0.8055787811222593, 0.8029028640441684, 0.8326238978412891, 0.7827272727272728, 0.9113756613756613, 0.7746753246753246, 0.8950435729847496, 0.757037037037037, 0.8457142857142858]","[0.782608695652174, 0.8043478260869565, 0.782608695652174, 0.8260869565217391, 0.7777777777777778, 0.9111111111111111, 0.7777777777777778, 0.8888888888888888, 0.7333333333333333, 0.8444444444444444]","[0.7814724028334613, 0.8033280213982692, 0.7790224157870133, 0.8271221532091096, 0.7774007176306027, 0.9104447776111945, 0.7735407066052228, 0.887297133023902, 0.7274725274725274, 0.8442831215970963]","[array([[12,  0,  0,  0],
       [ 2,  6,  0,  1],
       [ 0,  0,  8,  2],
       [ 0,  0,  5, 10]]), array([[11,  0,  0,  1],
       [ 2,  7,  0,  0],
       [ 0,  0,  7,  3],
       [ 0,  1,  2, 12]]), array([[ 6,  5,  0,  0],
       [ 0,  9,  0,  1],
       [ 0,  0,  8,  2],
       [ 1,  0,  1, 13]]), array([[ 9,  2,  0,  0],
       [ 2,  7,  0,  1],
       [ 0,  0, 10,  0],
       [ 0,  2,  1, 12]]), array([[ 8,  3,  0,  0],
       [ 2,  8,  0,  0],
       [ 0,  0,  7,  3],
       [ 1,  0,  1, 12]]), array([[11,  0,  0,  0],
       [ 1,  9,  0,  0],
       [ 0,  0,  8,  1],
       [ 0,  1,  1, 13]]), array([[ 9,  2,  0,  0],
       [ 1,  5,  0,  3],
       [ 0,  0,  9,  1],
       [ 1,  0,  2, 12]]), array([[10,  1,  0,  0],
       [ 2,  7,  0,  0],
       [ 0,  0,  8,  2],
       [ 0,  0,  0, 15]]), array([[11,  0,  0,  0],
       [ 4,  5,  0,  0],
       [ 0,  0,  6,  4],
       [ 0,  0,  4, 11]]), array([[10,  1,  0,  0],
       [ 1,  8,  0,  0],
       [ 0,  0,  8,  2],
       [ 0,  1,  2, 12]])]"
50,"[0.9485294117647058, 0.946078431372549, 0.9411764705882353, 0.9558823529411765, 0.9511002444987775, 0.9339853300733496, 0.9462102689486552, 0.941320293398533, 0.9584352078239609, 0.9486552567237164]","[0.9485294117647058, 0.946078431372549, 0.9411764705882353, 0.9558823529411765, 0.9511002444987775, 0.9339853300733496, 0.9462102689486552, 0.941320293398533, 0.9584352078239609, 0.9486552567237164]","[0.9485294117647058, 0.946078431372549, 0.9411764705882353, 0.9558823529411765, 0.9511002444987775, 0.9339853300733496, 0.9462102689486552, 0.941320293398533, 0.9584352078239609, 0.9486552567237164]","[0.9485294117647058, 0.9460784313725489, 0.9411764705882353, 0.9558823529411765, 0.9511002444987775, 0.9339853300733496, 0.9462102689486552, 0.941320293398533, 0.9584352078239609, 0.9486552567237164]","[0.9493956660623327, 0.9483787474124246, 0.9394112381066602, 0.9565755556983628, 0.9510198016858936, 0.9353704073375658, 0.9480179901258097, 0.94172940316233, 0.9591580977495424, 0.9495330286996954]","[0.9464959899774097, 0.9432458247427766, 0.9425163972819025, 0.9557063564936786, 0.9510198016858936, 0.9324251268410423, 0.9438686938704031, 0.9393955869973163, 0.9554174275631586, 0.9465454949279049]","[0.9477045193527671, 0.9452468135853762, 0.9406928438536515, 0.9559979722234324, 0.9510198016858936, 0.9335357090248942, 0.9457181629130235, 0.9404243752276241, 0.9571315906436375, 0.9477997030573169]","[0.948812926059658, 0.9468137085106533, 0.9420072139234397, 0.956154442583751, 0.9511002444987775, 0.9344831452341424, 0.9463541271489312, 0.9414255125433489, 0.9585612076296761, 0.9489327042301777]","[0.9485294117647058, 0.946078431372549, 0.9411764705882353, 0.9558823529411765, 0.9511002444987775, 0.9339853300733496, 0.9462102689486552, 0.941320293398533, 0.9584352078239609, 0.9486552567237164]","[0.9484546231257641, 0.9459374259516192, 0.9413175339739127, 0.9558899487751782, 0.9511002444987775, 0.9339135913016088, 0.9460704148224571, 0.9412482237034709, 0.9583478466495541, 0.9485787891581304]","[array([[ 98,   2,   0,   0],
       [  6,  79,   0,   0],
       [  0,   0,  82,   7],
       [  0,   0,   6, 128]]), array([[ 99,   1,   0,   0],
       [  7,  78,   0,   0],
       [  0,   0,  81,   8],
       [  0,   0,   6, 128]]), array([[ 97,   4,   0,   0],
       [  5,  79,   0,   0],
       [  0,   0,  84,   5],
       [  0,   0,  10, 124]]), array([[100,   1,   0,   0],
       [  4,  80,   0,   0],
       [  0,   0,  83,   6],
       [  0,   0,   7, 127]]), array([[ 98,   3,   0,   0],
       [  3,  81,   0,   0],
       [  0,   0,  82,   7],
       [  0,   0,   7, 128]]), array([[ 99,   2,   0,   0],
       [  7,  77,   0,   0],
       [  0,   0,  81,   9],
       [  0,   0,   9, 125]]), array([[ 99,   2,   0,   0],
       [  5,  80,   0,   0],
       [  0,   0,  80,   9],
       [  0,   0,   6, 128]]), array([[ 98,   3,   0,   0],
       [  6,  79,   0,   0],
       [  0,   0,  81,   8],
       [  0,   0,   7, 127]]), array([[ 98,   3,   0,   0],
       [  5,  80,   0,   0],
       [  0,   0,  83,   6],
       [  0,   0,   3, 131]]), array([[ 99,   2,   0,   0],
       [  6,  79,   0,   0],
       [  0,   0,  82,   7],
       [  0,   0,   6, 128]])]","[0.8043478260869565, 0.8260869565217391, 0.8043478260869565, 0.782608695652174, 0.6888888888888889, 0.9111111111111111, 0.7555555555555555, 0.8666666666666667, 0.7333333333333333, 0.8222222222222222]","[0.8043478260869565, 0.8260869565217391, 0.8043478260869565, 0.782608695652174, 0.6888888888888889, 0.9111111111111111, 0.7555555555555555, 0.8666666666666667, 0.7333333333333333, 0.8222222222222222]","[0.8043478260869565, 0.8260869565217391, 0.8043478260869565, 0.782608695652174, 0.6888888888888889, 0.9111111111111111, 0.7555555555555555, 0.8666666666666667, 0.7333333333333333, 0.8222222222222222]","[0.8043478260869565, 0.8260869565217391, 0.8043478260869565, 0.782608695652174, 0.6888888888888889, 0.9111111111111111, 0.7555555555555555, 0.8666666666666667, 0.7333333333333333, 0.8222222222222222]","[0.8346153846153846, 0.8211038961038961, 0.8135212418300652, 0.7734848484848484, 0.6875, 0.9229166666666666, 0.7531565656565656, 0.86492673992674, 0.7666666666666667, 0.8231060606060606]","[0.7972222222222223, 0.836111111111111, 0.7924242424242425, 0.7734848484848484, 0.6756493506493506, 0.9027777777777777, 0.7457070707070708, 0.8522727272727273, 0.7222222222222222, 0.8411616161616161]","[0.7928743961352657, 0.8215731636784268, 0.7953050239234449, 0.7734848484848484, 0.6757575757575757, 0.908686886395512, 0.7467229902713775, 0.8541666666666667, 0.7234432234432234, 0.8247707669904466]","[0.8307692307692307, 0.834867306606437, 0.815945581131003, 0.782608695652174, 0.6925925925925926, 0.9157407407407406, 0.7602132435465768, 0.8705738705738706, 0.757037037037037, 0.8334006734006734]","[0.8043478260869565, 0.8260869565217391, 0.8043478260869565, 0.782608695652174, 0.6888888888888889, 0.9111111111111111, 0.7555555555555555, 0.8666666666666667, 0.7333333333333333, 0.8222222222222222]","[0.797979116032046, 0.8221389594387306, 0.8026965883087165, 0.782608695652174, 0.6851178451178451, 0.9098916939379772, 0.7552073732718896, 0.8648148148148148, 0.7274725274725274, 0.8192098773334471]","[array([[12,  0,  0,  0],
       [ 3,  5,  0,  1],
       [ 0,  0,  9,  1],
       [ 0,  0,  4, 11]]), array([[12,  0,  0,  0],
       [ 2,  7,  0,  0],
       [ 0,  0,  9,  1],
       [ 0,  3,  2, 10]]), array([[ 7,  4,  0,  0],
       [ 1,  8,  0,  1],
       [ 0,  0,  8,  2],
       [ 0,  0,  1, 14]]), array([[ 8,  3,  0,  0],
       [ 3,  6,  0,  1],
       [ 0,  0,  9,  1],
       [ 0,  1,  1, 13]]), array([[ 6,  5,  0,  0],
       [ 3,  7,  0,  0],
       [ 0,  0,  6,  4],
       [ 0,  0,  2, 12]]), array([[11,  0,  0,  0],
       [ 1,  9,  0,  0],
       [ 0,  0,  7,  2],
       [ 0,  1,  0, 14]]), array([[ 8,  3,  0,  0],
       [ 1,  5,  0,  3],
       [ 0,  0,  9,  1],
       [ 0,  1,  2, 12]]), array([[10,  1,  0,  0],
       [ 3,  6,  0,  0],
       [ 0,  0,  9,  1],
       [ 0,  0,  1, 14]]), array([[11,  0,  0,  0],
       [ 4,  5,  0,  0],
       [ 0,  0,  6,  4],
       [ 0,  0,  4, 11]]), array([[10,  1,  0,  0],
       [ 1,  8,  0,  0],
       [ 0,  0,  9,  1],
       [ 1,  1,  3, 10]])]"
100,"[0.9607843137254902, 0.9534313725490197, 0.9607843137254902, 0.9583333333333334, 0.9633251833740831, 0.9535452322738386, 0.9584352078239609, 0.9559902200488998, 0.9706601466992665, 0.9584352078239609]","[0.9607843137254902, 0.9534313725490197, 0.9607843137254902, 0.9583333333333334, 0.9633251833740831, 0.9535452322738386, 0.9584352078239609, 0.9559902200488998, 0.9706601466992665, 0.9584352078239609]","[0.9607843137254902, 0.9534313725490197, 0.9607843137254902, 0.9583333333333334, 0.9633251833740831, 0.9535452322738386, 0.9584352078239609, 0.9559902200488998, 0.9706601466992665, 0.9584352078239609]","[0.9607843137254902, 0.9534313725490197, 0.9607843137254902, 0.9583333333333334, 0.9633251833740831, 0.9535452322738386, 0.9584352078239609, 0.9559902200488998, 0.9706601466992665, 0.9584352078239609]","[0.9645845388064263, 0.956715632736858, 0.9617748409837539, 0.9585977294310628, 0.964179804454935, 0.9556872691246638, 0.9589515091847237, 0.9574815786506781, 0.9704396639908459, 0.9606656518455584]","[0.9565908642511172, 0.9505526728551559, 0.9594962685578828, 0.9585153452577235, 0.9618595935302465, 0.9504836437801563, 0.9571025082749172, 0.9532180146820751, 0.9675757371388755, 0.9561706503832457]","[0.9599519429330452, 0.9530080566408993, 0.9605227576329207, 0.9583818192932443, 0.9629616126667663, 0.9527824877179254, 0.9579587159039787, 0.9551224855276782, 0.9689057946410886, 0.9578823485840676]","[0.9616205975633884, 0.9542656532318875, 0.9608554997682819, 0.9587167552853828, 0.9633275124622276, 0.953828836776283, 0.9584770254143143, 0.9561975790350498, 0.9707724385411393, 0.9592275668967167]","[0.9607843137254902, 0.9534313725490197, 0.9607843137254902, 0.9583333333333334, 0.9633251833740831, 0.9535452322738386, 0.9584352078239609, 0.9559902200488998, 0.9706601466992665, 0.9584352078239609]","[0.9605921686745807, 0.9532797786552557, 0.9607082229976308, 0.9583644232968405, 0.9632696619440585, 0.9533972000154348, 0.9583938144971106, 0.9558800615043239, 0.9706202547206431, 0.9583524572476874]","[array([[ 99,   1,   0,   0],
       [  5,  80,   0,   0],
       [  0,   0,  81,   8],
       [  0,   0,   2, 132]]), array([[100,   0,   0,   0],
       [  6,  79,   0,   0],
       [  0,   0,  81,   8],
       [  0,   0,   5, 129]]), array([[ 98,   3,   0,   0],
       [  2,  82,   0,   0],
       [  0,   0,  82,   7],
       [  0,   0,   4, 130]]), array([[100,   1,   0,   0],
       [  4,  80,   0,   0],
       [  0,   0,  84,   5],
       [  0,   0,   7, 127]]), array([[ 99,   2,   0,   0],
       [  3,  81,   0,   0],
       [  0,   0,  83,   6],
       [  0,   0,   4, 131]]), array([[ 99,   2,   0,   0],
       [  5,  79,   0,   0],
       [  0,   0,  82,   8],
       [  0,   0,   4, 130]]), array([[ 99,   2,   0,   0],
       [  4,  81,   0,   0],
       [  0,   0,  83,   6],
       [  0,   0,   5, 129]]), array([[ 99,   2,   0,   0],
       [  5,  80,   0,   0],
       [  0,   0,  82,   7],
       [  0,   0,   4, 130]]), array([[ 98,   3,   0,   0],
       [  5,  80,   0,   0],
       [  0,   0,  86,   3],
       [  0,   0,   1, 133]]), array([[101,   0,   0,   0],
       [  6,  79,   0,   0],
       [  0,   0,  83,   6],
       [  0,   0,   5, 129]])]","[0.782608695652174, 0.7608695652173914, 0.8043478260869565, 0.7608695652173914, 0.7555555555555555, 0.8888888888888888, 0.7111111111111111, 0.8666666666666667, 0.7111111111111111, 0.8]","[0.782608695652174, 0.7608695652173914, 0.8043478260869565, 0.7608695652173914, 0.7555555555555555, 0.8888888888888888, 0.7111111111111111, 0.8666666666666667, 0.7111111111111111, 0.8]","[0.782608695652174, 0.7608695652173914, 0.8043478260869565, 0.7608695652173914, 0.7555555555555555, 0.8888888888888888, 0.7111111111111111, 0.8666666666666667, 0.7111111111111111, 0.8]","[0.782608695652174, 0.7608695652173914, 0.8043478260869565, 0.7608695652173914, 0.7555555555555555, 0.8888888888888888, 0.7111111111111111, 0.8666666666666667, 0.7111111111111111, 0.8000000000000002]","[0.8130952380952381, 0.7534188034188034, 0.8135212418300652, 0.759090909090909, 0.7857905982905983, 0.8895833333333333, 0.7202205882352941, 0.86492673992674, 0.7440972222222222, 0.8011363636363636]","[0.7722222222222223, 0.7583333333333332, 0.7924242424242425, 0.7568181818181818, 0.7363636363636363, 0.8861111111111111, 0.697979797979798, 0.8522727272727273, 0.6972222222222222, 0.8184343434343434]","[0.7722670050256257, 0.7516708437761068, 0.7953050239234449, 0.7571428571428572, 0.7380577803203661, 0.8866794543904519, 0.7032894736842106, 0.8541666666666667, 0.6991081923170207, 0.8013986013986014]","[0.8054865424430642, 0.7590486807878113, 0.815945581131003, 0.7644268774703558, 0.7842830009496677, 0.8879629629629628, 0.7269607843137256, 0.8705738705738706, 0.7318827160493827, 0.8151515151515153]","[0.782608695652174, 0.7608695652173914, 0.8043478260869565, 0.7608695652173914, 0.7555555555555555, 0.8888888888888888, 0.7111111111111111, 0.8666666666666667, 0.7111111111111111, 0.8]","[0.7771146894085426, 0.7554211615996513, 0.8026965883087165, 0.761904761904762, 0.747864225781846, 0.887411196362603, 0.7131578947368422, 0.8648148148148148, 0.7032129538071813, 0.7982284382284383]","[array([[12,  0,  0,  0],
       [ 3,  5,  0,  1],
       [ 0,  0,  8,  2],
       [ 0,  0,  4, 11]]), array([[12,  0,  0,  0],
       [ 3,  6,  0,  0],
       [ 0,  0,  7,  3],
       [ 0,  3,  2, 10]]), array([[ 7,  4,  0,  0],
       [ 1,  8,  0,  1],
       [ 0,  0,  8,  2],
       [ 0,  0,  1, 14]]), array([[ 8,  3,  0,  0],
       [ 2,  7,  0,  1],
       [ 0,  0,  8,  2],
       [ 0,  1,  2, 12]]), array([[ 6,  5,  0,  0],
       [ 2,  8,  0,  0],
       [ 0,  0,  6,  4],
       [ 0,  0,  0, 14]]), array([[11,  0,  0,  0],
       [ 1,  9,  0,  0],
       [ 0,  0,  7,  2],
       [ 0,  1,  1, 13]]), array([[ 7,  4,  0,  0],
       [ 1,  5,  0,  3],
       [ 0,  0,  8,  2],
       [ 0,  1,  2, 12]]), array([[10,  1,  0,  0],
       [ 3,  6,  0,  0],
       [ 0,  0,  9,  1],
       [ 0,  0,  1, 14]]), array([[11,  0,  0,  0],
       [ 4,  5,  0,  0],
       [ 0,  0,  5,  5],
       [ 0,  0,  4, 11]]), array([[ 9,  2,  0,  0],
       [ 1,  8,  0,  0],
       [ 0,  0,  9,  1],
       [ 1,  1,  3, 10]])]"
500,"[0.9901960784313726, 0.9950980392156863, 0.9828431372549019, 0.9803921568627451, 0.9877750611246944, 0.9755501222493888, 0.9853300733496333, 0.9828850855745721, 0.9951100244498777, 0.9828850855745721]","[0.9901960784313726, 0.9950980392156863, 0.9828431372549019, 0.9803921568627451, 0.9877750611246944, 0.9755501222493888, 0.9853300733496333, 0.9828850855745721, 0.9951100244498777, 0.9828850855745721]","[0.9901960784313726, 0.9950980392156863, 0.9828431372549019, 0.9803921568627451, 0.9877750611246944, 0.9755501222493888, 0.9853300733496333, 0.9828850855745721, 0.9951100244498777, 0.9828850855745721]","[0.9901960784313726, 0.9950980392156863, 0.9828431372549019, 0.9803921568627451, 0.9877750611246944, 0.9755501222493888, 0.9853300733496333, 0.9828850855745721, 0.9951100244498777, 0.9828850855745721]","[0.990650679188328, 0.9953253395941639, 0.9835250383903352, 0.9821881338742394, 0.9879353233830845, 0.9774317273246457, 0.9859760187824921, 0.9840698653198653, 0.9947712418300654, 0.9840698653198653]","[0.990650679188328, 0.9953253395941639, 0.9829998283063016, 0.9803580412544022, 0.9888264669163546, 0.9745617152333571, 0.9859760187824921, 0.9831670300184471, 0.9951931518876207, 0.9831670300184471]","[0.990650679188328, 0.9953253395941639, 0.9832474857008721, 0.9812289562289562, 0.9883699196278374, 0.9758936089514848, 0.9859760187824921, 0.983607418142104, 0.9949562053328678, 0.983607418142104]","[0.9901960784313726, 0.9950980392156863, 0.9828671664744328, 0.9804033428787335, 0.9878200683623446, 0.9756581480318807, 0.9853300733496333, 0.9828741778008283, 0.9951611614490947, 0.9828741778008283]","[0.9901960784313726, 0.9950980392156863, 0.9828431372549019, 0.9803921568627451, 0.9877750611246944, 0.9755501222493888, 0.9853300733496333, 0.9828850855745721, 0.9951100244498777, 0.9828850855745721]","[0.9901960784313726, 0.9950980392156863, 0.9828418358877724, 0.9803533703043505, 0.9877864860639352, 0.975507192024945, 0.9853300733496333, 0.9828685504672786, 0.995111063841611, 0.9828685504672786]","[array([[100,   0,   0,   0],
       [  0,  85,   0,   0],
       [  0,   0,  87,   2],
       [  0,   0,   2, 132]]), array([[100,   0,   0,   0],
       [  0,  85,   0,   0],
       [  0,   0,  88,   1],
       [  0,   0,   1, 133]]), array([[101,   0,   0,   0],
       [  1,  83,   0,   0],
       [  0,   0,  86,   3],
       [  0,   0,   3, 131]]), array([[101,   0,   0,   0],
       [  0,  84,   0,   0],
       [  0,   0,  84,   5],
       [  0,   0,   3, 131]]), array([[101,   0,   0,   0],
       [  0,  84,   0,   0],
       [  0,   0,  87,   2],
       [  0,   0,   3, 132]]), array([[101,   0,   0,   0],
       [  2,  82,   0,   0],
       [  0,   0,  85,   5],
       [  0,   0,   3, 131]]), array([[101,   0,   0,   0],
       [  0,  85,   0,   0],
       [  0,   0,  86,   3],
       [  0,   0,   3, 131]]), array([[101,   0,   0,   0],
       [  0,  85,   0,   0],
       [  0,   0,  85,   4],
       [  0,   0,   3, 131]]), array([[101,   0,   0,   0],
       [  1,  84,   0,   0],
       [  0,   0,  89,   0],
       [  0,   0,   1, 133]]), array([[101,   0,   0,   0],
       [  0,  85,   0,   0],
       [  0,   0,  85,   4],
       [  0,   0,   3, 131]])]","[0.7391304347826086, 0.7391304347826086, 0.7391304347826086, 0.717391304347826, 0.7555555555555555, 0.8666666666666667, 0.7333333333333333, 0.8444444444444444, 0.7333333333333333, 0.7555555555555555]","[0.7391304347826086, 0.7391304347826086, 0.7391304347826086, 0.717391304347826, 0.7555555555555555, 0.8666666666666667, 0.7333333333333333, 0.8444444444444444, 0.7333333333333333, 0.7555555555555555]","[0.7391304347826086, 0.7391304347826086, 0.7391304347826086, 0.717391304347826, 0.7555555555555555, 0.8666666666666667, 0.7333333333333333, 0.8444444444444444, 0.7333333333333333, 0.7555555555555555]","[0.7391304347826085, 0.7391304347826085, 0.7391304347826085, 0.717391304347826, 0.7555555555555555, 0.8666666666666667, 0.7333333333333333, 0.8444444444444444, 0.7333333333333333, 0.7555555555555555]","[0.7299700299700299, 0.7517857142857143, 0.7485119047619047, 0.718065268065268, 0.7665732959850606, 0.8691773504273504, 0.7426136363636364, 0.8399621212121212, 0.7571924603174602, 0.7526515151515152]","[0.7305555555555555, 0.7361111111111112, 0.7424242424242424, 0.7234848484848485, 0.7412337662337662, 0.8611111111111112, 0.7257575757575758, 0.8323232323232324, 0.725, 0.7656565656565656]","[0.7237103174603174, 0.7348039215686275, 0.7375020623659461, 0.7175324675324675, 0.7429661894083146, 0.8622420020639835, 0.7277589134125637, 0.8353226663922759, 0.7289983022071307, 0.7555240758902086]","[0.7376232463188985, 0.7569875776397516, 0.7553053830227742, 0.7254079254079254, 0.7666562921464881, 0.8682573599240266, 0.7507575757575757, 0.844753086419753, 0.7446869488536154, 0.7627272727272728]","[0.7391304347826086, 0.7391304347826086, 0.7391304347826086, 0.717391304347826, 0.7555555555555555, 0.8666666666666667, 0.7333333333333333, 0.8444444444444444, 0.7333333333333333, 0.7555555555555555]","[0.7320134575569359, 0.7404092071611253, 0.7397832184386275, 0.7181441746659137, 0.750521917466889, 0.8648033482398808, 0.7359592529711376, 0.8437653272967366, 0.7286293152235427, 0.7548985184378014]","[array([[12,  0,  0,  0],
       [ 3,  5,  0,  1],
       [ 0,  1,  7,  2],
       [ 0,  1,  4, 10]]), array([[10,  2,  0,  0],
       [ 2,  7,  0,  0],
       [ 0,  0,  6,  4],
       [ 0,  3,  1, 11]]), array([[ 7,  4,  0,  0],
       [ 1,  8,  0,  1],
       [ 0,  0,  8,  2],
       [ 0,  0,  4, 11]]), array([[ 8,  3,  0,  0],
       [ 2,  7,  0,  1],
       [ 0,  0,  8,  2],
       [ 0,  1,  4, 10]]), array([[ 7,  4,  0,  0],
       [ 2,  8,  0,  0],
       [ 0,  0,  6,  4],
       [ 0,  0,  1, 13]]), array([[11,  0,  0,  0],
       [ 2,  8,  0,  0],
       [ 0,  0,  7,  2],
       [ 0,  1,  1, 13]]), array([[ 7,  4,  0,  0],
       [ 1,  6,  0,  2],
       [ 0,  0,  8,  2],
       [ 0,  1,  2, 12]]), array([[ 9,  2,  0,  0],
       [ 2,  7,  0,  0],
       [ 0,  0,  8,  2],
       [ 0,  0,  1, 14]]), array([[11,  0,  0,  0],
       [ 3,  6,  0,  0],
       [ 0,  0,  5,  5],
       [ 0,  0,  4, 11]]), array([[ 9,  2,  0,  0],
       [ 2,  7,  0,  0],
       [ 0,  0,  8,  2],
       [ 1,  1,  3, 10]])]"
1000,"[0.9950980392156863, 0.9975490196078431, 0.9950980392156863, 0.9877450980392157, 0.9951100244498777, 0.9828850855745721, 0.9902200488997555, 0.9902200488997555, 1.0, 0.9951100244498777]","[0.9950980392156863, 0.9975490196078431, 0.9950980392156863, 0.9877450980392157, 0.9951100244498777, 0.9828850855745721, 0.9902200488997555, 0.9902200488997555, 1.0, 0.9951100244498777]","[0.9950980392156863, 0.9975490196078431, 0.9950980392156863, 0.9877450980392157, 0.9951100244498777, 0.9828850855745721, 0.9902200488997555, 0.9902200488997555, 1.0, 0.9951100244498777]","[0.9950980392156863, 0.9975490196078431, 0.9950980392156863, 0.9877450980392157, 0.9951100244498777, 0.9828850855745721, 0.9902200488997555, 0.9902200488997555, 1.0, 0.9951100244498777]","[0.9963235294117647, 0.9981481481481481, 0.9963235294117647, 0.9879072681704261, 0.9945054945054945, 0.9841656263004578, 0.990650679188328, 0.990650679188328, 1.0, 0.9945054945054945]","[0.9943820224719101, 0.997191011235955, 0.9943820224719101, 0.988785007546537, 0.9962962962962962, 0.9832918739635158, 0.990650679188328, 0.990650679188328, 1.0, 0.9962686567164178]","[0.9953072390572391, 0.9976582025917291, 0.9953072390572391, 0.9883351118364614, 0.9953565505804312, 0.9837178874789725, 0.990650679188328, 0.990650679188328, 1.0, 0.995342522974102]","[0.9951701268742791, 0.9975671750181554, 0.9951701268742791, 0.9877899405376185, 0.9952174964399902, 0.9828751143385356, 0.9902200488997555, 0.9902200488997555, 1.0, 0.9952174964399902]","[0.9950980392156863, 0.9975490196078431, 0.9950980392156863, 0.9877450980392157, 0.9951100244498777, 0.9828850855745721, 0.9902200488997555, 0.9902200488997555, 1.0, 0.9951100244498777]","[0.9950883425760877, 0.9975466516600549, 0.9950883425760877, 0.9877563803543304, 0.9951189448032859, 0.9828690906596349, 0.9902200488997555, 0.9902200488997555, 1.0, 0.995118807613982]","[array([[100,   0,   0,   0],
       [  0,  85,   0,   0],
       [  0,   0,  87,   2],
       [  0,   0,   0, 134]]), array([[100,   0,   0,   0],
       [  0,  85,   0,   0],
       [  0,   0,  88,   1],
       [  0,   0,   0, 134]]), array([[101,   0,   0,   0],
       [  0,  84,   0,   0],
       [  0,   0,  87,   2],
       [  0,   0,   0, 134]]), array([[101,   0,   0,   0],
       [  0,  84,   0,   0],
       [  0,   0,  87,   2],
       [  0,   0,   3, 131]]), array([[101,   0,   0,   0],
       [  0,  84,   0,   0],
       [  0,   0,  89,   0],
       [  0,   0,   2, 133]]), array([[101,   0,   0,   0],
       [  0,  84,   0,   0],
       [  0,   0,  86,   4],
       [  0,   0,   3, 131]]), array([[101,   0,   0,   0],
       [  0,  85,   0,   0],
       [  0,   0,  87,   2],
       [  0,   0,   2, 132]]), array([[101,   0,   0,   0],
       [  0,  85,   0,   0],
       [  0,   0,  87,   2],
       [  0,   0,   2, 132]]), array([[101,   0,   0,   0],
       [  0,  85,   0,   0],
       [  0,   0,  89,   0],
       [  0,   0,   0, 134]]), array([[101,   0,   0,   0],
       [  0,  85,   0,   0],
       [  0,   0,  89,   0],
       [  0,   0,   2, 132]])]","[0.7608695652173914, 0.7391304347826086, 0.7608695652173914, 0.717391304347826, 0.7777777777777778, 0.8666666666666667, 0.7111111111111111, 0.8, 0.7111111111111111, 0.7777777777777778]","[0.7608695652173914, 0.7391304347826086, 0.7608695652173914, 0.717391304347826, 0.7777777777777778, 0.8666666666666667, 0.7111111111111111, 0.8, 0.7111111111111111, 0.7777777777777778]","[0.7608695652173914, 0.7391304347826086, 0.7608695652173914, 0.717391304347826, 0.7777777777777778, 0.8666666666666667, 0.7111111111111111, 0.8, 0.7111111111111111, 0.7777777777777778]","[0.7608695652173914, 0.7391304347826085, 0.7608695652173914, 0.717391304347826, 0.7777777777777778, 0.8666666666666667, 0.7111111111111111, 0.8000000000000002, 0.7111111111111111, 0.7777777777777778]","[0.7638528138528138, 0.7517857142857143, 0.7672348484848484, 0.7132284382284383, 0.8055555555555556, 0.8691773504273504, 0.7260286690433749, 0.7996323529411764, 0.7173572954822955, 0.7740384615384616]","[0.7472222222222222, 0.7361111111111112, 0.759090909090909, 0.7234848484848484, 0.7590909090909091, 0.8611111111111112, 0.7007575757575757, 0.7795454545454545, 0.7022727272727273, 0.7823232323232323]","[0.7452107279693487, 0.7348039215686275, 0.7565048986101618, 0.7126555409164105, 0.7630681818181818, 0.8622420020639835, 0.7059210526315789, 0.785317206592782, 0.704831635540464, 0.7762912716574043]","[0.7662902315076228, 0.7569875776397516, 0.7731389986824769, 0.7265886287625417, 0.8024691358024693, 0.8682573599240266, 0.7311134217996962, 0.8022875816993463, 0.7120862162528829, 0.7831623931623931]","[0.7608695652173914, 0.7391304347826086, 0.7608695652173914, 0.717391304347826, 0.7777777777777778, 0.8666666666666667, 0.7111111111111111, 0.8, 0.7111111111111111, 0.7777777777777778]","[0.7546226886556723, 0.7404092071611253, 0.760805174992818, 0.7160260449485402, 0.7716161616161616, 0.8648033482398808, 0.713859649122807, 0.7969869912538284, 0.7072219078161353, 0.7783553085612581]","[array([[12,  0,  0,  0],
       [ 3,  5,  0,  1],
       [ 0,  1,  7,  2],
       [ 0,  0,  4, 11]]), array([[10,  2,  0,  0],
       [ 2,  7,  0,  0],
       [ 0,  0,  6,  4],
       [ 0,  3,  1, 11]]), array([[ 7,  4,  0,  0],
       [ 1,  8,  0,  1],
       [ 0,  0,  8,  2],
       [ 0,  0,  3, 12]]), array([[ 8,  3,  0,  0],
       [ 3,  6,  0,  1],
       [ 0,  0,  9,  1],
       [ 0,  1,  4, 10]]), array([[ 7,  4,  0,  0],
       [ 2,  8,  0,  0],
       [ 0,  0,  6,  4],
       [ 0,  0,  0, 14]]), array([[11,  0,  0,  0],
       [ 2,  8,  0,  0],
       [ 0,  0,  7,  2],
       [ 0,  1,  1, 13]]), array([[ 7,  4,  0,  0],
       [ 1,  6,  0,  2],
       [ 0,  0,  7,  3],
       [ 0,  1,  2, 12]]), array([[ 9,  2,  0,  0],
       [ 3,  6,  0,  0],
       [ 0,  0,  7,  3],
       [ 0,  0,  1, 14]]), array([[10,  1,  0,  0],
       [ 3,  6,  0,  0],
       [ 0,  0,  5,  5],
       [ 0,  0,  4, 11]]), array([[ 9,  2,  0,  0],
       [ 2,  7,  0,  0],
       [ 0,  0,  8,  2],
       [ 1,  1,  2, 11]])]"
